DMC3 215.11034 63.81915 0.00683551675938 0.586044519575 -0.606873354494
DNL3 216.659509 63.372346 -0.000844002226949 0.617664039095 -0.608289829009
H34 216.9483 63.233982 -0.000546283299602 0.628937780235 -0.570854891942
LADU 217.547106 63.254305 -0.00148597593987 0.624913111917 -0.672238702554
ORTT 218.063562 62.960954 -0.000857722506006 0.662230262401 -0.496595517857
GDNR 218.488086 62.892815 -0.00209018860217 0.670788874931 -0.493122263691
TSLN 227.184023 60.210344 -0.0921446228037 0.528596728839 2.21626521832
WATS 230.631305 60.082457 0.0242888908645 0.539717201174 1.84441257373
WATL 231.421774 60.056427 0.0675624715676 0.557735471081 1.62984850276
FINL 229.465627 61.650308 -0.0250779340427 0.53918888565 0.532205135343
SMPS 230.796662 60.735323 0.0625789944826 0.568550504982 1.08554713572
CBOU 228.571733 62.424127 -0.117749924321 0.525700917003 0.0169223167821
ROSR 227.512455 61.969109 -0.170230296239 0.557297973921 0.439513245809
MAMI 229.799443 63.175075 -0.0572974837692 0.510904482418 -0.646770372193
EAGP 222.153586 65.772275 -0.148612252032 0.408086642432 -1.56268494042
MNTO 223.206441 62.576153 -0.150462238528 0.623663696963 -0.707371277313
WARE 224.08134 63.656692 -0.237208106839 0.511987928413 -1.29989408961
DAWS 220.565427 64.052271 -0.0780127617144 0.500399113134 -1.46147822715
TOWH 219.970481 64.188935 -0.0657202709476 0.492793257611 -1.42688416092
EPLT 223.281093 66.370028 -0.18817222706 0.405780489675 -1.4252304294
8130 221.305556 63.9585 -0.0990024098487 0.501863248127 -1.49484251166
RCHR 223.874485 67.097791 -0.207998715315 0.442072644102 -1.26607850314
I177 218.822392 64.08612 -0.0376324711479 0.519784512306 -1.23856524743
KUSA 223.86341 60.600453 -0.119969184205 0.568107539955 1.5861011465
TALB 221.359102 61.628696 -0.0169670255444 0.70037888005 0.406681009514
MOTD 221.959538 60.957736 -0.0755509147406 0.631673831351 1.04859835386
DNJK 220.082067 61.742763 -0.00216609282829 0.682935199427 0.438141918867
DEST 221.278119 61.216918 -0.0347461192313 0.662472743185 0.747332630914
NSLM 221.503547 60.99267 -0.0616956302332 0.624818494349 0.982085217795
Y565 220.5551 61.59267 -0.00727201219918 0.680557400574 0.504097009334
DEZA 222.945786 60.376227 -0.111698508007 0.509013325375 1.51467638342
489F 223.181065 59.972701 -0.135574664571 0.388314570683 1.57045072328
BEUT 223.534632 59.581482 -0.172425709224 0.299565635642 1.54758887084
X7 222.937147 60.85918 -0.101144761776 0.622520665153 1.25753920069
ATLI 226.285528 59.589484 -0.145689585387 0.40718413218 2.42295204091
CJOU 232.146151 64.665722 -0.53144745303 0.188110665577 0.279195857628
NWEL 233.285856 65.295668 -0.640063144376 0.2520282767 2.1700978596
MMEP 229.79948 63.175064 -0.0572952402427 0.510903416065 -0.646770290025
WHIT 224.77789 60.750513 -0.132483506185 0.598313713804 1.62875187193
BCRK 219.139578 62.414281 -0.000462492999718 0.707570958678 -0.183424855679
AB44 224.771702 59.528039 -0.176632173076 0.353324434231 1.99823147881
MDFC 223.041671 60.121821 -0.12386243202 0.437201169145 1.56183959624
AB41 218.841933 64.777326 -0.0565491064419 0.465838058205 -1.3365544117
