DMC3 -144.89 63.81915 -0.325343145694 0.0818173867245 -0.750760344538
DNL3 -143.34 63.372346 -0.334468002409 0.0860188743128 -0.653927571133
H34 -143.052 63.233982 -0.338373750152 0.0841225875617 -0.634144580165
LADU -142.453 63.254306 -0.33149546233 0.0965102159321 -0.587597812137
ORTT -141.936 62.960955 -0.339442126864 0.0915178604629 -0.545568641524
GDNR -141.512 62.892815 -0.33769566697 0.0964129590512 -0.509454320282
TSLN -132.816 60.210345 -0.242314189406 0.166981156838 0.299441752909
WATS -129.369 60.082457 -0.0678323649514 0.283770035878 0.464687659221
WATL -128.578 60.056427 -0.0248466627065 0.310299701302 0.487795527442
FINL -130.534 61.650308 -0.0970004285686 0.325842799404 0.406688757083
SMPS -129.203 60.735323 -0.0510291333585 0.319099902868 0.480195181429
CBOU -131.428 62.424127 -0.108930886354 0.335679625748 0.292233762595
ROSR -132.488 61.969109 -0.184312702837 0.279707101071 0.31006015687
MAMI -130.201 63.175075 -0.0185006585468 0.402217586589 0.220316920301
EAGP -137.846 65.772275 -0.159138681636 0.319568117798 -0.315877237353
MNTO -136.794 62.576153 -0.281722796167 0.178907724244 -0.10468323372
WARE -135.919 63.656692 -0.203385706728 0.260238725336 -0.10515792331
DAWS -139.435 64.052271 -0.253462733806 0.200882026932 -0.367639820361
TOWH -140.03 64.188935 -0.25694948287 0.195026165879 -0.41335237387
EPLT -136.719 66.370028 -0.122560008659 0.369010644953 -0.284715204981
8130 -138.694 63.9585 -0.245239830285 0.212198250032 -0.311906174218
RCHR -136.126 67.097791 -0.0895445921146 0.414358845237 -0.291775115177
I177 -141.178 64.086121 -0.278947740204 0.164692464716 -0.495971155297
MOTD -138.04 60.957736 -0.394382601237 0.0585892352695 -0.122513118903
DEST -138.722 61.216918 -0.392466352697 0.0585917680324 -0.204976193845
NSLM -138.496 60.99267 -0.395166761053 0.0542156785217 -0.170279607545
Y565 -139.445 61.592672 -0.385366313418 0.0632388693497 -0.293966873529
DEZA -137.054 60.376227 -0.38379038813 0.0574812749323 -0.00917384111127
489F -136.819 59.972701 -0.3787010213 0.0493430997551 0.0237536604887
BEUT -136.465 59.581482 -0.380164257544 0.0369422771545 0.0681736423966
X7 -137.063 60.859181 -0.399374273291 0.0631872477458 -0.0184327010207
ATLI -133.714 59.589483 -0.29799762762 0.102996202036 0.259079059889
CJOU -127.854 64.665722 0.0569789554787 0.489557853927 0.213317190172
NWEL -126.714 65.295668 0.059587995405 0.512531747353 0.264388680695
MMEP -130.201 63.175064 -0.0185008417651 0.402217270995 0.220317974024
WHIT -135.222 60.750513 -0.340173619792 0.110573969338 0.129598564434
BEA2 -140.863 62.407843 -0.353518616381 0.0840515426795 -0.44501333333
AB44 -135.228 59.528039 -0.35725537819 0.0546732437662 0.162404042108
MDFC -136.958 60.121821 -0.380244521168 0.0523387018187 0.00697069753953
AB41 -141.158 64.777326 -0.250165167119 0.200004132261 -0.501300997995
