DMC3 -144.89 63.81915 0.265915135023 -1.98185749415 0.32885597546
DNL3 -143.34 63.372346 0.0327217697349 -2.1926001808 -0.543103936654
H34 -143.052 63.233982 -0.0280417590014 -2.1912962357 -0.739692097394
E175 -142.53 63.386776 -0.218419922192 -2.272137131 -0.97644251557
LADU -142.453 63.254306 -0.221040566796 -2.25157874541 -1.00405530391
ORTT -141.936 62.960955 -0.300879853217 -2.09158423749 -1.08973176259
GDNR -141.512 62.892815 -0.424025184667 -2.06334230656 -1.21265516268
TSLN -132.816 60.210345 -1.39584174677 0.297520103914 0.451110901681
WATS -129.369 60.082457 -2.3702871763 -0.222078854897 -0.913724039553
WATL -128.578 60.056427 -2.32024984983 -0.149893883015 -0.61992075985
FINL -130.534 61.650308 -2.2286251848 -1.04251348149 -0.766341086654
SMPS -129.203 60.735323 -2.29102105751 -0.469911838184 -0.683653602831
CBOU -131.428 62.424127 -1.95450901041 -1.24495460654 -0.595928283685
ROSR -132.488 61.969109 -2.20101230934 -1.4511305754 -1.34766630209
MAMI -130.201 63.175075 -1.56101892452 -0.889469816315 0.0564092190128
EAGP -137.846 65.772275 -0.721905215551 -1.34578862877 -0.105591808232
MNTO -136.794 62.576153 -1.44870493527 -2.16319686812 -1.87806232798
WARE -135.919 63.656692 -1.36593383239 -2.00782674615 -0.814427358732
DAWS -139.435 64.052271 -0.920626182327 -2.25843738417 -1.00603877515
TOWH -140.03 64.188935 -0.827534326009 -2.25914566575 -0.948990290212
EPLT -136.719 66.370028 -0.646764737394 -1.05526721657 -0.0258253942061
8130 -138.694 63.9585 -1.01233684964 -2.24657340803 -0.967746289605
RCHR -136.126 67.097791 -0.547325868165 -0.755310805109 -0.00388176703571
0999 -142.275 63.665002 -0.300498394425 -2.32412979189 -1.0641460638
M175 -142.379 63.548815 -0.275889974568 -2.30120263641 -1.02505334236
DENN -142.176 63.95522 -0.380515658579 -2.31896716075 -1.03952878728
I177 -141.178 64.086121 -0.570069280104 -2.29518885707 -1.00676129217
CJOU -127.854 64.665722 -0.896848151799 -0.361769104954 0.382791660773
NWEL -126.714 65.295668 -0.771792644656 -0.174852025339 0.476100655691
MMEP -130.201 63.175064 -1.56102309836 -0.889470503852 0.0564076352842
WHIT -135.222 60.750513 -1.11351570418 0.730987563826 2.13659179166
