DMC3 215.11034 63.81915 0.00683551675938 0.586044519575 -0.606873354494
DNL3 216.659509 63.372346 -0.000844002226949 0.617664039095 -0.608289829009
H34 216.9483 63.233982 -0.000546283299602 0.628937780235 -0.570854891942
LADU 217.547107 63.254306 -0.00148598933785 0.624912998568 -0.672239535926
ORTT 218.063563 62.960955 -0.000857727523768 0.662230127441 -0.496596615864
GDNR 218.488086 62.892815 -0.00209018860217 0.670788874931 -0.493122263691
TSLN 227.184023 60.210345 -0.0921446165673 0.528596891247 2.21626439399
WATS 230.631304 60.082457 0.0242888190648 0.539717169927 1.84441294091
WATL 231.421774 60.056427 0.0675624715676 0.557735471081 1.62984850276
FINL 229.465627 61.650308 -0.0250779340427 0.53918888565 0.532205135343
SMPS 230.796662 60.735323 0.0625789944826 0.568550504982 1.08554713572
CBOU 228.571733 62.424127 -0.117749924321 0.525700917003 0.0169223167821
ROSR 227.512455 61.969109 -0.170230296239 0.557297973921 0.439513245809
MAMI 229.799443 63.175075 -0.0572974837692 0.510904482418 -0.646770372193
EAGP 222.153586 65.772275 -0.148612252032 0.408086642432 -1.56268494042
MNTO 223.206441 62.576153 -0.150462238528 0.623663696963 -0.707371277313
WARE 224.08134 63.656692 -0.237208106839 0.511987928413 -1.29989408961
DAWS 220.565427 64.052271 -0.0780127617144 0.500399113134 -1.46147822715
TOWH 219.970481 64.188935 -0.0657202709476 0.492793257611 -1.42688416092
EPLT 223.281093 66.370028 -0.18817222706 0.405780489675 -1.4252304294
8130 221.305556 63.9585 -0.0990024098487 0.501863248127 -1.49484251166
RCHR 223.874485 67.097791 -0.207998715315 0.442072644102 -1.26607850314
I177 218.822394 64.086121 -0.0376325410406 0.519784361569 -1.2385658335
MOTD 221.959538 60.957736 -0.0755509147406 0.631673831351 1.04859835386
DEST 221.27812 61.216918 -0.0347461429089 0.662472781776 0.747332612219
NSLM 221.503547 60.99267 -0.0616956302332 0.624818494349 0.982085217795
Y565 220.555102 61.592672 -0.00727193969418 0.680557632143 0.504095388694
DEZA 222.945786 60.376227 -0.111698508007 0.509013325375 1.51467638342
489F 223.181065 59.972701 -0.135574664571 0.388314570683 1.57045072328
BEUT 223.534632 59.581482 -0.172425709224 0.299565635642 1.54758887084
X7 222.937149 60.859181 -0.101144770841 0.622520973708 1.25753829942
ATLI 226.28553 59.589483 -0.145689547693 0.407184080946 2.42295259811
CJOU 232.146151 64.665722 -0.53144745303 0.188110665577 0.279195857628
NWEL 233.285856 65.295668 -0.640063144376 0.2520282767 2.1700978596
MMEP 229.79948 63.175064 -0.0572952402427 0.510903416065 -0.646770290025
WHIT 224.77789 60.750513 -0.132483506185 0.598313713804 1.62875187193
BEA2 219.137462 62.407843 -0.000446607692092 0.707841117447 -0.178370599588
AB44 224.771702 59.528039 -0.176632173076 0.353324434231 1.99823147881
MDFC 223.041671 60.121821 -0.12386243202 0.437201169145 1.56183959624
AB41 218.841934 64.777326 -0.0565491204042 0.465838049911 -1.33655452098
