179.289980 51.407110 1
-142.27477 63.66500 2
-149.778 61.160065 3
-150.674 66.820757 4
-150.551 59.524905 5
-134.411 58.299379 6
-135.324 59.452806 7
-135.445 58.417440 8
-135.464 58.124890 9
-135.488 58.496455 10
-135.656 57.957439 11
-136.327 58.264410 12
-137.62 58.615632 13
-142.07611 64.02873 14
-142.076 64.028926 15
-165.436 64.507243 16
-141.36 59.927088 17
-141.369 60.026554 18
-145.755 60.557330 19
-170.286 57.125675 20
-146.36 61.127179 21
-141.37 60.026492 22
-136.819 59.972701 23
-149.543 61.571227 24
-136.363 59.450386 25
-134.89 58.575230 26
-145.42612 62.68804 27
-135.397 59.041905 28
-138.694 63.958500 29
-165.43 64.507257 30
-165.429 64.505559 31
-153.438 59.381559 32
-153.433 59.359330 33
-153.387 59.348653 34
-153.588 59.570065 35
-153.425 59.366625 36
-153.423 59.362372 37
-153.519 59.378124 38
-153.437 59.371182 39
-153.44565 59.36307 40
-153.414 59.323005 41
-52.7933 68.719316 42
-174.205 52.209505 43
-168.855 52.970606 44
-170.567 63.656865 45
-163.423 54.885323 46
-160.477 55.349277 47
-166.201 60.384832 48
-168.062 65.614982 49
-165.373 64.564497 50
-161.746 58.950795 51
-158.504 56.307326 52
-159.092 59.108166 53
-159.878 61.039753 54
-160.695 63.886359 55
-162.614 66.858364 56
-176.663 51.864150 57
-154.698 59.899321 58
-156.023 62.929311 59
-156.905 67.055887 60
-152.815 62.093816 61
-150.173 67.251013 62
-142.39 60.079066 63
-150.744 65.030399 64
-145.213 66.559346 65
-141.158 64.777326 66
-138.899 59.340375 67
-136.641 58.198842 68
-135.228 59.528039 69
-148.871 68.760495 70
-145.568 68.120672 71
-134.647 56.245063 72
-133.068 55.580102 73
-134.545 58.416776 74
-132.914 56.797623 75
-147.564 60.580897 76
-154.183 56.950586 77
-151.865 59.770638 78
-150.891 59.763638 79
-161.287 65.961293 80
-153.645 58.928775 81
-144.524 59.868478 82
-164.887 54.522582 83
-159.59 54.830963 84
-155.622 55.821896 85
-148 60.848701 86
-149.724 60.481333 87
-148.093 60.518204 88
-152.404 60.663903 89
-152.25 58.925958 90
-153.607 62.519214 91
-149.353 60.929208 92
-159.128 55.921090 93
-150.878 60.475093 94
-156.653 58.681573 95
-162.314 55.088969 96
-154.15 58.214556 97
-154.163 59.252508 98
-160.049 55.078491 99
-147.739 59.855818 100
-162.239 64.637977 101
-150.737 61.473121 102
-150.685 62.671178 103
-153.279 57.220027 104
-150.793 59.375811 105
-150.608 60.955318 106
-153.865 60.439688 107
-153.342 57.753686 108
-152.394 58.609720 109
-158.619 56.930353 110
-160.407 55.908669 111
-162.784 54.471777 112
-149.629 59.521279 113
-149.567 61.242173 114
-154.181 56.564453 115
-151.524 61.986270 116
-152.624 60.081452 117
-147.343 60.645862 118
-164.567 65.553849 119
-151.835 61.498084 120
-157.574 57.567250 121
-150.069 61.768973 122
-145.743 61.138596 123
-170.218 57.156089 124
-153.585 59.567199 125
174.076269 52.714620 126
-142.076 64.029260 127
-152.425 57.790718 128
-147.403 59.997868 129
-151.765 62.394078 130
-149.863 61.155738 131
-174.247 52.179118 132
-138.358 60.716655 133
-136.381 58.212190 134
-144.58 61.076617 135
-154.175 56.941082 136
-136.26 58.317776 137
-131.6 55.069073 138
-131.599 55.068884 139
-131.6 55.069072 140
-131.599 55.068883 141
-136.999 61.193810 142
-165.994 54.198178 143
-165.734 54.104063 144
-165.956 54.162698 145
-166.012 54.090259 146
-156.654 58.671209 147
-156.65 58.678200 148
-165.85 54.145325 149
-166.071 54.129228 150
-165.763 54.143082 151
-165.593 54.210683 152
-149.064 60.893074 153
-78.0714 45.955800 154
-131.995 53.186316 155
-62.3405 82.494294 156
-138.318 59.186032 157
-138.323 59.183104 158
-141.477 60.006024 159
-104.525 38.803125 160
-166.04324 54.06731 161
177.497925 64.735541 162
-149.997 61.182381 163
-149.983 61.175225 164
-149.887 61.235582 165
-147.254 60.884078 166
-142.597 60.442201 167
173.181790 52.880457 168
-137.1 58.860440 169
-134.101 58.315980 170
-147.743 61.265779 171
-149.71837 59.88502 172
-106.027 49.632846 173
-58.2573 75.726128 174
-157.372 56.853803 175
-176.641 51.861413 176
-174.207 52.218456 177
-133.714 59.589483 178
-157.408 70.472033 179
-145.84722 63.50254 180
-149.132 61.597755 181
-149.13233 61.59816 182
-153.416 59.411881 183
-153.437 59.345662 184
-153.354 59.370300 185
-153.355 59.370692 186
-153.523 59.323207 187
-153.543 59.384424 188
-153.461 59.358532 189
-153.428 59.332975 190
-153.445 59.362584 191
-165.766 54.147180 192
-166.039 54.162938 193
-166.028 54.136300 194
-166.542 53.875635 195
-165.934 54.097610 196
-153.355 59.370628 197
-165.898 54.210800 198
-165.898 54.153082 199
-165.842 54.118895 200
-165.71 54.100194 201
-153.535 59.385911 202
-153.451 59.403947 203
-153.437 59.380434 204
-153.414 59.354908 205
-153.428 59.347382 206
-164.755 54.589984 207
-164.779 54.530003 208
-164.58 54.571654 209
-164.723 54.492351 210
-164.586 54.472354 211
-163.713 54.724909 212
-164.387 54.846695 213
-164.127 54.771795 214
-163.997 54.709380 215
-163.781 54.831469 216
-163.998 54.811342 217
-163.743 54.644537 218
-151.677 59.673735 219
-142.676 60.596435 220
-136.18 59.057989 221
-96.0023 64.317820 222
-151.338 59.762915 223
-156.678 71.324944 224
-162.707 55.190274 225
-162.707 55.190420 226
-162.707 55.190271 227
-162.707 55.190418 228
-149.614 59.801268 229
-117.653 49.311893 230
-128.11 52.158016 231
-130.026 58.425644 232
-120.749 56.246210 233
-122.585 58.840252 234
-116.029 50.509197 235
-127.375 50.685564 236
-130.435 54.276842 237
-140.86 62.414281 238
-131.807 53.253635 239
-135.886 58.454070 240
-140.863 62.407843 241
-150.248 60.455423 242
-176.642 51.877951 243
179.263205 63.063041 244
179.101325 63.009240 245
-143.701 60.393950 246
179.259324 63.061390 247
-161.842 60.787917 248
-161.836 60.784197 249
-176.635 51.821815 250
-136.465 59.581482 251
166.437962 68.076131 252
-135.539 56.854493 253
-135.539 56.854492 254
-135.54 56.854315 255
-155.191 58.281059 256
165.983626 55.192167 257
-22.9747 79.538607 258
-126.589 52.388265 259
-145.678 60.651787 260
-151.206 61.682959 261
-132.544 56.593981 262
-168.403 53.397625 263
-136.427 57.852219 264
-136.48 58.782892 265
-110.976 54.562715 266
-149.053 61.545906 267
174.099073 52.724031 268
-136.014 58.730502 269
-176.673 51.871267 270
-150.852 59.755131 271
-167.95 53.344240 272
-144.606 60.968169 273
-119.683 48.131524 274
-134.911 58.596183 275
-141.661 60.862734 276
-112.117 50.664691 277
-64.6963 32.370398 278
165.983586 55.193848 279
-155.159 58.290242 280
-156.79 71.282766 281
-149.29494 64.17056 282
-145.78909 63.90650 283
-113.245 52.691855 284
-151.51891 66.91784 285
-151.53 66.914178 286
-149.97555 59.74957 287
-147.90681 59.77826 288
-176.63 51.845198 289
-146.65346 63.10444 290
-149.185 60.804316 291
-114.373 51.096424 292
-138.634 59.155187 293
-136.641 58.197675 294
-148.80893 63.55149 295
-135.365 58.922657 296
-149.78655 59.71303 297
-131.428 62.424127 298
-149.74789 59.69421 299
-162.718 55.200336 300
-143.361 61.245685 301
-144.67763 65.49817 302
-137.573 58.639845 303
-148.95 63.388266 304
-147.048 61.121614 305
-151.046 59.746966 306
-146.647 60.237471 307
-146.647 60.237512 308
-146.647 60.237739 309
-146.647 60.237513 310
-146.647 60.237740 311
-152.158 57.618742 312
-155.728 55.825882 313
-135.277 59.080256 314
-159.583 54.814659 315
-148.013 60.068457 316
-143.972 60.234238 317
-162.369 54.629043 318
-151.674 59.106210 319
-94.0887 58.759078 320
-136.492 58.797816 321
-148.537 61.764657 322
-135.222 59.091181 323
-152.506 57.652190 324
-158.299 56.211477 325
-147.86049 64.87378 326
-135.084 58.246954 327
-176.641 51.848257 328
-125.326 50.053361 329
-149.845 61.165835 330
179.104021 51.470293 331
-145.475 60.493716 332
-147.947 61.070379 333
-138.639 59.669847 334
-159.497 56.220655 335
-113.919 50.832865 336
-149.721 60.382976 337
-149.745 60.489444 338
-115.669 49.600239 339
-149.343 60.285969 340
-162.801 54.490829 341
-153.088 60.434696 342
-150.00297 67.46680 343
-150.034 60.487467 344
-151.03 60.496870 345
-136.436 58.091344 346
127.374477 36.399429 347
-149.488 60.654023 348
-154.682 58.088000 349
-136.041 58.319135 350
-20.1998 74.311946 351
-162.471 54.735464 352
-166.528 53.888671 353
-130.029 58.436782 354
-174.169 52.231346 355
-136.378 58.360178 356
-136.486 58.299911 357
-138.722 61.216918 358
-137.054 60.376227 359
-148.91981 63.79363 360
-104.51 51.749779 361
-29.8502 71.786533 362
-147.85505 63.26515 363
-166.548 53.904646 364
-151.228 60.587870 365
-158.471 59.061955 366
-141.67 61.068550 367
-143.253 60.655633 368
-147.446 60.731484 369
-61.6777 76.351620 370
-135.907 58.246160 371
-139.918 61.742763 372
-145.88763 63.69506 373
-143.377 60.057856 374
-139.402 61.078408 375
-153.174 59.677256 376
-148.473 70.333438 377
-138.605 60.489241 378
-166.531 53.873984 379
-166.533 53.874457 380
-166.536 53.875964 381
-95.8662 50.258809 382
-136.023 59.423989 383
-148.917 63.730807 384
-135.645 58.231919 385
-141.16 64.778649 386
-149.529 61.257486 387
-137.846 65.772275 388
-151.994 58.912763 389
-151.913 59.360535 390
-159.368 56.031911 391
-134.569 58.356267 392
-113.174 53.570671 393
-148.318 70.310272 394
-147.963 60.774036 395
-145.388 65.490888 396
-113.155 54.036104 397
-147.113 64.687941 398
-151.838 60.484633 399
-149.341 61.462777 400
-135.222 58.971967 401
-135.222 58.971868 402
-162.271 64.613977 403
-141.056 60.558525 404
-136.153 58.593499 405
-148.976 60.818466 406
-148.083 60.595882 407
-156.647 58.674898 408
-148.055 64.879290 409
-162.252 64.616514 410
-85.9376 79.988946 411
-85.9399 79.988536 412
-136.405 58.269772 413
-145.75 60.548704 414
-145.75 60.548668 415
-147.847 64.809631 416
-147.49924 64.97800 417
-146.26100 65.34713 418
-147.499 64.978144 419
-155.175 58.254626 420
-153.89430 62.51042 421
-143.415 61.120915 422
-144.066 60.953892 423
-162.355 54.824575 424
-164.44 54.618962 425
-164.365 54.684717 426
-164.341 54.650061 427
-164.32 54.738337 428
-164.422 54.694873 429
-145.47528 63.09070 430
-159.208 56.191251 431
-130.534 61.650308 432
-138.863 59.669277 433
-135.292 58.831044 434
-101.978 54.725585 435
-166.078 54.169116 436
-138.694 63.958500 437
-122.578 58.841866 438
-176.633 51.831124 439
-150.492 66.375537 440
-159.541 56.315829 441
-137.632 58.639933 442
-135.347 59.148681 443
-149.235 61.716819 444
-149.882 61.524736 445
-122.288 49.138010 446
-167.908 53.384343 447
-165.99 54.116029 448
-115.2 50.828740 449
-120.73 56.246732 450
-116.151 58.515084 451
-142.432 60.063834 452
-116.775 54.382932 453
-142.486 60.081247 454
-148.392 60.706672 455
-171.732 63.774466 456
-177.151 51.854420 457
-118.539 55.187118 458
-149.84371 59.67653 459
173.180493 52.851031 460
-147.387 60.527800 461
-137.517 58.663292 462
-145.453 62.156189 463
-116.984 51.300522 464
-144.352 60.736441 465
-19.6521 77.809425 466
-145.97022 62.11238 467
-147.387 60.527827 468
-114.72 53.599355 469
-137.9 60.276941 470
-150.99680 59.23370 471
-116.889 35.425157 472
-116.889 35.425157 473
-136.036 58.211218 474
-149.29 61.728273 475
-149.582 60.564368 476
-146.292 60.639636 477
-148.83297 63.65239 478
-117.669 56.363798 479
-148.975 63.834201 480
-148.97834 63.83576 481
-148.978 63.835500 482
-22.9038 78.442698 483
-151.494 59.498668 484
-149.432 61.725389 485
-135.719 58.433863 486
-176.07 51.978990 487
-176.176 52.092762 488
-144.729 60.580631 489
-146.704 60.722959 490
-166.516 53.923853 491
-135.697 58.417488 492
-135.697 58.417758 493
-135.697 58.417486 494
-135.697 58.417757 495
-135.698 58.417914 496
-135.695 58.414440 497
-147.096 60.879286 498
-145.48188 62.49765 499
-151.32 60.579563 500
-168.303 53.488348 501
-148.091 61.005563 502
-144.383 60.043390 503
-143.145 60.260614 504
-152.271 60.390350 505
-159.263 56.236637 506
-141.867 61.268026 507
-102.384 52.842154 508
-151.531 59.641684 509
-158.612 56.963885 510
-38.2157 66.401156 511
-138.945 59.705473 512
-138.27745 59.06171 513
-149.719 61.106143 514
-148.77867 63.45883 515
-41.1479 63.418209 516
-28.1291 73.675981 517
-135.527 59.245067 518
-135.534 59.248097 519
-117.72 53.319195 520
-117.761 70.736305 521
-151.492 59.638992 522
-166.14 61.521162 523
-166.152 61.527436 524
-44.5174 81.879831 525
-165.914 54.186063 526
-167.931 53.374807 527
-156.855 56.794355 528
-149.60891 62.99930 529
-141.178 64.086121 530
-147.851 64.859279 531
-141.746 60.554149 532
-137.489 58.668878 533
-142.839 60.450300 534
-154.821 59.763281 535
-166.485 53.852434 536
-51.0608 69.240414 537
-149.048 60.841553 538
-149.535 60.983086 539
-133.527 68.306186 540
-68.5105 63.755964 541
104.316237 52.219025 542
-142.341 60.601223 543
-158.6 56.113417 544
-149.746 61.020664 545
-176.642 51.877611 546
-135.177 58.947412 547
-149.644 60.182980 548
-147.62710 59.85026 549
-31.0042 82.208757 550
-145.17 61.001288 551
-134.586 58.362576 552
-134.419 58.299100 553
-118.173 34.204818 554
-45.1198 83.111653 555
-49.8146 69.222301 556
-65.853 79.131958 557
-136.5 58.426486 558
-154.453 57.566651 559
-139.29 60.760616 560
-113.819 51.209088 561
-163.524 55.044275 562
-41.1575 65.143681 563
-151.24129 60.57885 564
-152.193 57.617692 565
-152.194 57.617592 566
-50.9448 66.987417 567
-151.35 60.675081 568
-151.35 60.674807 569
-151.35 60.675078 570
-151.35 60.674804 571
-143.249 60.442271 572
-142.361 60.923116 573
-141.37 60.026886 574
-177.12791 51.93104 575
-177.093 51.899399 576
178.65037 51.65053 577
-151.241 60.578848 578
-33.3771 83.643237 579
-63.5274 81.252714 580
166.210696 62.456291 581
-136.457 58.612532 582
-109.163 51.503980 583
-153.886 59.895700 584
-152.497 57.739910 585
-152.193 57.617692 586
-152.194 57.617592 587
-152.497 57.739987 588
-152.501 57.735107 589
-156.661 58.680730 590
-151.754 60.720109 591
-33.0527 68.586999 592
-57.2271 74.580625 593
-37.1494 65.579333 594
-136.137 60.600453 595
-144.176 60.409279 596
-77.7454 55.278361 597
167.730245 8.722205 598
-148.86622 63.38283 599
-162.297 54.664113 600
-132.352 56.828115 601
-143.324 60.861973 602
-136.142 58.978874 603
-155.794 55.823044 604
-171.102 65.616687 605
-23.8529 75.893808 606
-135.143 58.882076 607
-109.871 53.248901 608
-26.2935 80.456682 609
-141.967 60.294881 610
-112.601 49.591571 611
-133.093 56.465681 612
-133.092 56.465661 613
-133.093 56.465680 614
-133.092 56.465660 615
-144.536 61.620187 616
-155.44444 61.35653 617
-138.04046 60.95774 618
-137.556 58.658308 619
-108.98 56.895984 620
-143.34545 63.02263 621
-141.004 60.823803 622
-161.996 54.755722 623
-176.616 51.993050 624
-106.612 51.227286 625
-105.3 55.162256 626
-160.495 55.302049 627
-147.666 62.053313 628
-135.13 58.509542 629
-148.516 64.926743 630
-40.1981 64.430480 631
-148.18592 63.30602 632
-149.581 68.076555 633
-150.216 60.524343 634
-144.062 65.826195 635
-155.129 58.254466 636
-130.201 63.175075 637
-137.02 59.017425 638
-142.707 60.247339 639
-136.665 58.892774 640
-156.257 20.706653 641
-142.92 61.431999 642
-142.933 61.428925 643
-151.258 59.746077 644
-152.196 57.614002 645
-152.19 57.619214 646
-136.958 60.121821 647
-136.958 60.121790 648
-108.478 54.092906 649
-104.015 30.680512 650
-148.355 64.952926 651
-148.355 64.952956 652
-163.692 64.922341 653
-143.79535 62.90947 654
-150.654 60.088765 655
-134.545 58.416762 656
-155.604 62.957707 657
-166.939 53.808163 658
-138.861 59.758902 659
-137.535 58.572064 660
-146.335 59.434589 661
-177.235 51.761495 662
-31.4518 68.140280 663
-31.4505 68.141195 664
-136.338 58.007816 665
-148.901 65.100632 666
-146.677 60.943376 667
-155.456 19.801351 668
-140.198 59.724054 669
-132.087 53.019616 670
-112.41 53.564995 671
-141.363 60.597909 672
-136.794 62.576153 673
-147.20228 60.14815 674
-150.685 60.955897 675
-149.056 61.675579 676
-138.991 59.567967 677
-138.04 60.957736 678
-147.908 59.824843 679
-160.22564 54.87637 680
-109.468 49.989760 681
-150.483 60.735176 682
-136.016 59.422925 683
-65.6946 77.187037 684
170.404221 64.682793 685
-112.029 55.945301 686
-149.92124 61.58144 687
-149.027 61.629209 688
-150.737 61.473388 689
-150.751 61.450761 690
-23.9129 72.240821 691
-166.788 53.914694 692
173.173341 52.804019 693
-149.372 60.411836 694
-151.43 60.187684 695
-149.71477 59.95419 696
-61.6887 56.536975 697
-155.591 58.625881 698
-146.076 60.745000 699
-108.23 52.741166 700
-152.349 57.422727 701
-131.96 53.143669 702
-151.463 59.512037 703
-149.07958 64.57960 704
-166.035 54.184498 705
-151.399 60.682957 706
-151.391 60.685305 707
-151.716 60.008538 708
-91.5749 41.771591 709
-44.9011 61.631875 710
173.179861 52.832746 711
-165.371 64.562701 712
-136.687 58.273624 713
-138.557 59.573525 714
-155.16 58.265252 715
-143.301 60.118150 716
-139.135 59.879330 717
-139.032 59.827278 718
-116.123 52.479827 719
88.359778 69.361833 720
-17.7254 79.155028 721
-138.496 60.992670 722
-155.125 58.229762 723
-155.134 58.226089 724
-155.122 58.222069 725
-150.69394 59.36583 726
-149.451 61.420854 727
-149.9 59.748447 728
11.865306 78.929554 729
11.865079 78.929583 730
-167.912 53.410708 731
-159.328 56.290354 732
-149.85706 61.11788 733
-165.444 64.509774 734
-165.434 64.512930 735
-165.963 54.192558 736
-141.93644 62.96099 737
-162.611 66.887333 738
-162.61339 66.88625 739
-136.792 58.292747 740
-149.547 60.534768 741
-148.82038 63.48375 742
-163.113 54.679095 743
-152.458 57.436024 744
-145.45171 62.96727 745
-151.272 59.572707 746
-148.335 70.256404 747
-147.415 65.043419 748
-136.736 58.286222 749
-119.625 49.322620 750
-142.465 61.188772 751
-144.018 61.235420 752
-162.619 54.383872 753
158.650135 53.023300 754
170.273506 69.702815 755
170.251165 69.678394 756
170.258207 69.700811 757
-149.429 60.892715 758
-149.364 60.101725 759
-150.05052 61.74779 760
-149.21054 63.28465 761
-34.0335 66.897727 762
-152.52357 60.33386 763
-142.782 60.199038 764
-149.116 61.028245 765
-150.064 60.486963 766
-150.056 60.484993 767
-146.697 61.056471 768
-146.69666 61.05635 769
-146.697 61.056260 770
-146.697 61.056307 771
-146.697 61.056261 772
-146.697 61.056308 773
-146.305 61.083682 774
-145.84607 64.15494 775
-105.931 53.212847 776
-122.34 53.910309 777
-149.461 61.888292 778
-148.83 60.771211 779
-173.224 64.476595 780
-173.233 64.421069 781
-132.933 56.804664 782
-150.817 62.531743 783
-148.343 70.253873 784
-174.236 52.199517 785
-148.089 61.804591 786
-52.6884 70.740405 787
-46.0478 60.715263 788
-53.5223 69.252627 789
-136.586 58.908517 790
-64.0337 67.559339 791
-152.304 60.629876 792
-136.587 58.908563 793
-148.64680 63.39527 794
-146.42407 63.08787 795
-136.788 58.905403 796
-144.677 60.386434 797
-141.139 60.220490 798
-135.076 58.403711 799
-136.126 67.097791 800
-80.3839 25.613779 801
-80.3839 25.613780 802
-80.3841 25.614098 803
-152.805 60.590764 804
-159.267 56.101938 805
-152.745 60.453580 806
-152.844 60.486806 807
-152.774 60.419437 808
-149.396 61.542433 809
-162.523 54.857379 810
-166.097 54.114351 811
-147.599 64.986403 812
-104.206 50.309431 813
-94.8937 74.690821 814
-21.9555 64.138792 815
-104.265 49.799387 816
-103.613 50.338539 817
-149.407 59.865190 818
-50.994 71.848499 819
-141.437 59.888634 820
-141.346 60.299132 821
-147.933 60.653739 822
-177.124 51.760473 823
-165.521 54.063718 824
-132.488 61.969109 825
-168.855 52.970665 826
-146.358 60.447817 827
-145.382 60.753748 828
-149.44144 61.58053 829
-149.871 61.644303 830
-156.648 71.313442 831
-149.195 60.945687 832
-150.731 60.529688 833
-131.983 53.216132 834
-125.25 71.990326 835
-106.48 52.045249 836
-136.932 58.918428 837
-106.398 52.196256 838
-106.398 52.196255 839
-162.732 55.173777 840
-166.515 53.897424 841
-164.745 54.397899 842
-59.5936 80.260132 843
-21.9508 70.485233 844
-21.9503 70.485334 845
-160.475 55.353013 846
-131.824 53.259221 847
-151.707 59.445711 848
-156.692 56.048066 849
-160.143 56.397622 850
-47.1413 61.069580 851
-156.61 71.322896 852
-102.977 49.678713 853
-179.433 68.918984 854
-179.411 68.892055 855
-176.601 51.941451 856
173.192402 52.864626 857
-140.246 60.188559 858
-135.364 57.048180 859
-154.136 56.540276 860
-139.402 59.666393 861
-152.609 57.802340 862
-150.296 60.352940 863
-146.97648 64.47654 864
-148.80409 63.51200 865
-152.609 60.077621 866
-138.497 60.992568 867
-114.833 55.543532 868
-159.256 54.914539 869
-129.203 60.735323 870
-127.187 54.823752 871
-160.475 55.352322 872
-145.48371 62.66391 873
-152.372 61.259152 874
-152.022 61.291219 875
-152.155 61.265528 876
-152.209 61.200311 877
-147.08437 65.22682 878
-151.427 59.608051 879
-170.248 57.152339 880
-54.3937 72.910678 881
-149.09023 63.34131 882
-147.88651 59.83189 883
-159.17 55.893577 884
-135.16 58.649065 885
-140.21 61.223144 886
-142.089 60.489950 887
-141.036 60.376371 888
-153.765 59.434315 889
-52.6777 47.595238 890
-142.95313 63.33337 891
-150.68064 59.63789 892
-137.678 58.625264 893
-147.836 64.858691 894
-152.205 58.901227 895
-122.692 49.074186 896
-145.027 65.562192 897
-107.769 50.249416 898
-151.052 60.475240 899
-151.042 60.475939 900
-135.325 59.455988 901
-149.058 61.657271 902
-149.429 60.119208 903
-149.27 61.772856 904
-156.023 62.929304 905
127.366077 36.374422 906
-138.641 61.628696 907
-150.106 62.298592 908
-142.785 60.992108 909
-156.02865 62.92734 910
-137.738 59.630448 911
-137.738 59.630441 912
-145.43289 62.07986 913
-149.785 61.179717 914
-134.9 58.384644 915
-162.605 54.984411 916
-135.228 57.771153 917
-148.09 60.362685 918
-145.732 61.128041 919
-145.77391 61.12898 920
-145.732 61.127998 921
-68.788 76.537337 922
-68.825 76.537047 923
-68.825 76.537048 924
166.146897 60.445336 925
-142.705 60.774454 926
-42.2862 62.535542 927
-167.841 53.394962 928
128.866418 71.634474 929
-134.013 58.067556 930
-136.176 58.749863 931
-150.42029 62.30766 932
-149.504 65.054281 933
-163.323 54.741357 934
-149.598 68.627534 935
-140.03 64.188935 936
-141.45 60.086033 937
-41.3751 64.277069 938
-149.42 60.501508 939
-145.922 60.525966 940
18.939644 69.662717 941
18.938324 69.662747 942
-136.635 59.819523 943
-149.895 61.187328 944
-145.528 61.203569 945
-132.816 60.210345 946
-132.994 69.438235 947
-149.543 60.930528 948
-159.555 56.132652 949
-145.98452 65.40898 950
-149.371 60.428586 951
-149.824 61.191072 952
-149.442 60.098495 953
-135.359 58.289698 954
177.689148 64.731076 955
-167.755 53.343807 956
-154.961 58.428984 957
-150.033 59.790092 958
-166.012 54.090265 959
-140.188 60.772237 960
-77.0663 38.920565 961
-77.0662 38.918962 962
-43.3064 62.927205 963
-149.812 60.490614 964
-147.829 61.199254 965
-149.953 61.174501 966
-146.251 61.132778 967
-111.124 52.042717 968
-29.8176 70.299922 969
-151.125 59.808450 970
-119.318 50.199989 971
-118.574 50.214801 972
-159.087 56.124084 973
-142.486 60.081467 974
-151.244 60.331733 975
-151.762 59.901930 976
-176.705 51.872429 977
173.177954 52.870542 978
-135.919 63.656692 979
-138.008 58.924196 980
-129.369 60.082457 981
-149.17925 60.93886 982
-159.868 55.248271 983
-164.545 54.612966 984
-71.4933 42.613335 985
-164.542 54.537743 986
-164.581 54.571404 987
-164.68328 54.55794 988
-164.724 54.479232 989
-164.779 54.532707 990
-176.707 51.872418 991
-135.233 58.732600 992
-135.222 60.750513 993
-165.826 54.118650 994
-142.067 60.047835 995
-148.066 65.182698 996
-157.109 56.576464 997
-150.922 63.552728 998
-145.27141 61.89514 999
-149.39 59.986809 1000
-122.168 52.236869 1001
-140.09 61.629039 1002
-174.289 52.161102 1003
-103.799 58.059748 1004
-143.907 60.659139 1005
-150.874 63.491234 1006
-164.746 54.596129 1007
-24.3089 73.955198 1008
-123.251 49.351721 1009
-166.081 54.149642 1010
-146.512 63.123671 1011
-148.57324 69.50368 1012
-137.063 60.859181 1013
-139.445 61.592672 1014
-141.752 60.358070 1015
-142.48722 60.07985 1016
-142.509 60.081273 1017
-131.837 54.070683 1018
-142.486 60.081457 1019
129.680300 62.030961 1020
129.681005 62.031007 1021
-159.42 56.385600 1022
-114.376 62.466582 1023
-114.481 62.480895 1024
-141.779 60.753404 1025
-68.5432 63.731490 1026
-139.649 59.510738 1027
-24.3263 77.432894 1028
179.088002 51.469032 1029
-102.404 51.219202 1030
-149.093 65.676178 1031
-150.05249 61.75415 1032
-151.619 60.080810 1033
-149.78 61.229203 1034
-149.779 61.229940 1035
-146.983 60.270869 1036
-176.556 51.930826 1037
