 -180 52	    0.00000000  -0.42702E+00 -0.22864E+00  0.26608E-01 -0.14351E+00   0.29912E+20
 -180 54	    0.00000000  -0.51219E+00 -0.21686E+00  0.26025E-01 -0.14845E+00   0.29912E+20
 -180 56	    0.00000000  -0.59715E+00 -0.20171E+00  0.24940E-01 -0.15209E+00   0.29912E+20
 -180 58	    0.00000000  -0.67540E+00 -0.18358E+00  0.23339E-01 -0.15390E+00   0.29912E+20
 -180 60	    0.00000000  -0.74119E+00 -0.16339E+00  0.21236E-01 -0.15349E+00   0.29912E+20
 -180 62	    0.00000000  -0.79175E+00 -0.14256E+00  0.18645E-01 -0.15070E+00   0.29912E+20
 -180 64	    0.00000000  -0.82948E+00 -0.12281E+00  0.15544E-01 -0.14572E+00   0.29912E+20
 -180 66	    0.00000000  -0.86346E+00 -0.10575E+00  0.11818E-01 -0.13911E+00   0.29912E+20
 -180 68	    0.00000000  -0.90923E+00 -0.92361E-01  0.72282E-02 -0.13173E+00   0.29912E+20
 -180 70	    0.00000000  -0.98648E+00 -0.82528E-01  0.14011E-02 -0.12454E+00   0.29912E+20
 -180 72	    0.00000000  -0.11144E+01 -0.74693E-01 -0.61344E-02 -0.11835E+00   0.29912E+20
 -178 52	    0.00000000  -0.46844E+00 -0.22752E+00  0.25848E-01 -0.14780E+00   0.29912E+20
 -178 54	    0.00000000  -0.56090E+00 -0.21544E+00  0.24558E-01 -0.15278E+00   0.29912E+20
 -178 56	    0.00000000  -0.65376E+00 -0.20002E+00  0.22602E-01 -0.15639E+00   0.29912E+20
 -178 58	    0.00000000  -0.74046E+00 -0.18168E+00  0.19991E-01 -0.15813E+00   0.29912E+20
 -178 60	    0.00000000  -0.81511E+00 -0.16136E+00  0.16786E-01 -0.15759E+00   0.29912E+20
 -178 62	    0.00000000  -0.87470E+00 -0.14048E+00  0.13058E-01 -0.15464E+00   0.29912E+20
 -178 64	    0.00000000  -0.92123E+00 -0.12071E+00  0.88365E-02 -0.14947E+00   0.29912E+20
 -178 66	    0.00000000  -0.96312E+00 -0.10361E+00  0.40486E-02 -0.14262E+00   0.29912E+20
 -178 68	    0.00000000  -0.10151E+01 -0.90158E-01 -0.15350E-02 -0.13494E+00   0.29912E+20
 -178 70	    0.00000000  -0.10957E+01 -0.80216E-01 -0.83080E-02 -0.12735E+00   0.29912E+20
 -178 72	    0.00000000  -0.12234E+01 -0.72274E-01 -0.16780E-01 -0.12066E+00   0.29912E+20
 -176 52	    0.00000000  -0.51637E+00 -0.22599E+00  0.24393E-01 -0.15220E+00   0.29912E+20
 -176 54	    0.00000000  -0.61669E+00 -0.21353E+00  0.22149E-01 -0.15713E+00   0.29912E+20
 -176 56	    0.00000000  -0.71786E+00 -0.19780E+00  0.19043E-01 -0.16064E+00   0.29912E+20
 -176 58	    0.00000000  -0.81324E+00 -0.17926E+00  0.15131E-01 -0.16221E+00   0.29912E+20
 -176 60	    0.00000000  -0.89688E+00 -0.15887E+00  0.10539E-01 -0.16146E+00   0.29912E+20
 -176 62	    0.00000000  -0.96557E+00 -0.13801E+00  0.54216E-02 -0.15828E+00   0.29912E+20
 -176 64	    0.00000000  -0.10209E+01 -0.11833E+00 -0.11266E-03 -0.15285E+00   0.29912E+20
 -176 66	    0.00000000  -0.10707E+01 -0.10133E+00 -0.60808E-02 -0.14571E+00   0.29912E+20
 -176 68	    0.00000000  -0.11286E+01 -0.87917E-01 -0.12691E-01 -0.13769E+00   0.29912E+20
 -176 70	    0.00000000  -0.12123E+01 -0.77957E-01 -0.20353E-01 -0.12969E+00   0.29912E+20
 -176 72	    0.00000000  -0.13390E+01 -0.69979E-01 -0.29620E-01 -0.12249E+00   0.29912E+20
 -174 52	    0.00000000  -0.57142E+00 -0.22390E+00  0.22049E-01 -0.15662E+00   0.29912E+20
 -174 54	    0.00000000  -0.67996E+00 -0.21099E+00  0.18558E-01 -0.16142E+00   0.29912E+20
 -174 56	    0.00000000  -0.78958E+00 -0.19493E+00  0.13982E-01 -0.16470E+00   0.29912E+20
 -174 58	    0.00000000  -0.89359E+00 -0.17621E+00  0.84397E-02 -0.16599E+00   0.29912E+20
 -174 60	    0.00000000  -0.98602E+00 -0.15582E+00  0.21534E-02 -0.16492E+00   0.29912E+20
 -174 62	    0.00000000  -0.10636E+01 -0.13512E+00 -0.46130E-02 -0.16140E+00   0.29912E+20
 -174 64	    0.00000000  -0.11275E+01 -0.11569E+00 -0.11647E-01 -0.15564E+00   0.29912E+20
 -174 66	    0.00000000  -0.11850E+01 -0.98948E-01 -0.18893E-01 -0.14817E+00   0.29912E+20
 -174 68	    0.00000000  -0.12487E+01 -0.85731E-01 -0.26530E-01 -0.13979E+00   0.29912E+20
 -174 70	    0.00000000  -0.13351E+01 -0.75873E-01 -0.34987E-01 -0.13138E+00   0.29912E+20
 -174 72	    0.00000000  -0.14602E+01 -0.67947E-01 -0.44865E-01 -0.12368E+00   0.29912E+20
 -172 52	    0.00000000  -0.63402E+00 -0.22110E+00  0.18586E-01 -0.16097E+00   0.29912E+20
 -172 54	    0.00000000  -0.75090E+00 -0.20767E+00  0.13506E-01 -0.16550E+00   0.29912E+20
 -172 56	    0.00000000  -0.86875E+00 -0.19125E+00  0.70933E-02 -0.16842E+00   0.29912E+20
 -172 58	    0.00000000  -0.98095E+00 -0.17241E+00 -0.43918E-03 -0.16927E+00   0.29912E+20
 -172 60	    0.00000000  -0.10816E+01 -0.15214E+00 -0.87442E-02 -0.16775E+00   0.29912E+20
 -172 62	    0.00000000  -0.11675E+01 -0.13179E+00 -0.17418E-01 -0.16379E+00   0.29912E+20
 -172 64	    0.00000000  -0.12397E+01 -0.11282E+00 -0.26122E-01 -0.15762E+00   0.29912E+20
 -172 66	    0.00000000  -0.13045E+01 -0.96551E-01 -0.34713E-01 -0.14978E+00   0.29912E+20
 -172 68	    0.00000000  -0.13738E+01 -0.83716E-01 -0.43339E-01 -0.14104E+00   0.29912E+20
 -172 70	    0.00000000  -0.14626E+01 -0.74108E-01 -0.52450E-01 -0.13224E+00   0.29912E+20
 -172 72	    0.00000000  -0.15857E+01 -0.66338E-01 -0.62709E-01 -0.12409E+00   0.29912E+20
 -170 52	    0.00000000  -0.70443E+00 -0.21741E+00  0.13730E-01 -0.16513E+00   0.29912E+20
 -170 54	    0.00000000  -0.82935E+00 -0.20339E+00  0.66686E-02 -0.16922E+00   0.29912E+20
 -170 56	    0.00000000  -0.95479E+00 -0.18661E+00 -0.19848E-02 -0.17159E+00   0.29912E+20
 -170 58	    0.00000000  -0.10743E+01 -0.16774E+00 -0.11893E-01 -0.17183E+00   0.29912E+20
 -170 60	    0.00000000  -0.11823E+01 -0.14777E+00 -0.22549E-01 -0.16969E+00   0.29912E+20
 -170 62	    0.00000000  -0.12757E+01 -0.12800E+00 -0.33377E-01 -0.16517E+00   0.29912E+20
 -170 64	    0.00000000  -0.13555E+01 -0.10977E+00 -0.43893E-01 -0.15851E+00   0.29912E+20
 -170 66	    0.00000000  -0.14275E+01 -0.94240E-01 -0.53857E-01 -0.15027E+00   0.29912E+20
 -170 68	    0.00000000  -0.15022E+01 -0.82017E-01 -0.63386E-01 -0.14119E+00   0.29912E+20
 -170 70	    0.00000000  -0.15932E+01 -0.72831E-01 -0.72964E-01 -0.13207E+00   0.29912E+20
 -170 72	    0.00000000  -0.17140E+01 -0.65333E-01 -0.83323E-01 -0.12354E+00   0.29912E+20
 -168 52	    0.00000000  -0.78252E+00 -0.21260E+00  0.71689E-02 -0.16891E+00   0.29912E+20
 -168 54	    0.00000000  -0.91471E+00 -0.19791E+00 -0.23135E-02 -0.17235E+00   0.29912E+20
 -168 56	    0.00000000  -0.10466E+01 -0.18081E+00 -0.13648E-01 -0.17395E+00   0.29912E+20
 -168 58	    0.00000000  -0.11720E+01 -0.16205E+00 -0.26335E-01 -0.17337E+00   0.29912E+20
 -168 60	    0.00000000  -0.12860E+01 -0.14262E+00 -0.39668E-01 -0.17044E+00   0.29912E+20
 -168 62	    0.00000000  -0.13860E+01 -0.12374E+00 -0.52874E-01 -0.16522E+00   0.29912E+20
 -168 64	    0.00000000  -0.14727E+01 -0.10659E+00 -0.65305E-01 -0.15802E+00   0.29912E+20
 -168 66	    0.00000000  -0.15515E+01 -0.92132E-01 -0.76621E-01 -0.14938E+00   0.29912E+20
 -168 68	    0.00000000  -0.16315E+01 -0.80798E-01 -0.86918E-01 -0.14000E+00   0.29912E+20
 -168 70	    0.00000000  -0.17248E+01 -0.72248E-01 -0.96720E-01 -0.13063E+00   0.29912E+20
 -168 72	    0.00000000  -0.18432E+01 -0.65172E-01 -0.10685E+00 -0.12185E+00   0.29912E+20
 -166 52	    0.00000000  -0.86770E+00 -0.20653E+00 -0.14467E-02 -0.17211E+00   0.29912E+20
 -166 54	    0.00000000  -0.10058E+01 -0.19114E+00 -0.13833E-01 -0.17464E+00   0.29912E+20
 -166 56	    0.00000000  -0.11424E+01 -0.17380E+00 -0.28313E-01 -0.17520E+00   0.29912E+20
 -166 58	    0.00000000  -0.12719E+01 -0.15534E+00 -0.44183E-01 -0.17356E+00   0.29912E+20
 -166 60	    0.00000000  -0.13902E+01 -0.13677E+00 -0.60503E-01 -0.16964E+00   0.29912E+20
 -166 62	    0.00000000  -0.14953E+01 -0.11916E+00 -0.76275E-01 -0.16360E+00   0.29912E+20
 -166 64	    0.00000000  -0.15883E+01 -0.10348E+00 -0.90676E-01 -0.15580E+00   0.29912E+20
 -166 66	    0.00000000  -0.16737E+01 -0.90440E-01 -0.10327E+00 -0.14677E+00   0.29912E+20
 -166 68	    0.00000000  -0.17593E+01 -0.80274E-01 -0.11414E+00 -0.13719E+00   0.29912E+20
 -166 70	    0.00000000  -0.18551E+01 -0.72538E-01 -0.12388E+00 -0.12770E+00   0.29912E+20
 -166 72	    0.00000000  -0.19714E+01 -0.65955E-01 -0.13340E+00 -0.11881E+00   0.29912E+20
 -164 52	    0.00000000  -0.95877E+00 -0.19872E+00 -0.12494E-01 -0.17447E+00   0.29912E+20
 -164 54	    0.00000000  -0.11008E+01 -0.18262E+00 -0.28299E-01 -0.17577E+00   0.29912E+20
 -164 56	    0.00000000  -0.12396E+01 -0.16517E+00 -0.46402E-01 -0.17499E+00   0.29912E+20
 -164 58	    0.00000000  -0.13708E+01 -0.14730E+00 -0.65850E-01 -0.17202E+00   0.29912E+20
 -164 60	    0.00000000  -0.14914E+01 -0.12999E+00 -0.85434E-01 -0.16691E+00   0.29912E+20
 -164 62	    0.00000000  -0.16003E+01 -0.11411E+00 -0.10391E+00 -0.15992E+00   0.29912E+20
 -164 64	    0.00000000  -0.16989E+01 -0.10038E+00 -0.12028E+00 -0.15148E+00   0.29912E+20
 -164 66	    0.00000000  -0.17910E+01 -0.89199E-01 -0.13402E+00 -0.14212E+00   0.29912E+20
 -164 68	    0.00000000  -0.18826E+01 -0.80558E-01 -0.14522E+00 -0.13245E+00   0.29912E+20
 -164 70	    0.00000000  -0.19817E+01 -0.73902E-01 -0.15454E+00 -0.12302E+00   0.29912E+20
 -164 72	    0.00000000  -0.20965E+01 -0.67997E-01 -0.16304E+00 -0.11423E+00   0.29912E+20
 -162 52	    0.00000000  -0.10537E+01 -0.18909E+00 -0.26364E-01 -0.17565E+00   0.29912E+20
 -162 54	    0.00000000  -0.11968E+01 -0.17234E+00 -0.46122E-01 -0.17537E+00   0.29912E+20
 -162 56	    0.00000000  -0.13348E+01 -0.15500E+00 -0.68318E-01 -0.17291E+00   0.29912E+20
 -162 58	    0.00000000  -0.14648E+01 -0.13809E+00 -0.91710E-01 -0.16831E+00   0.29912E+20
 -162 60	    0.00000000  -0.15854E+01 -0.12250E+00 -0.11479E+00 -0.16180E+00   0.29912E+20
 -162 62	    0.00000000  -0.16969E+01 -0.10890E+00 -0.13605E+00 -0.15376E+00   0.29912E+20
 -162 64	    0.00000000  -0.18006E+01 -0.97620E-01 -0.15433E+00 -0.14467E+00   0.29912E+20
 -162 66	    0.00000000  -0.18996E+01 -0.88722E-01 -0.16902E+00 -0.13507E+00   0.29912E+20
 -162 68	    0.00000000  -0.19982E+01 -0.81914E-01 -0.18025E+00 -0.12548E+00   0.29912E+20
 -162 70	    0.00000000  -0.21017E+01 -0.76513E-01 -0.18878E+00 -0.11633E+00   0.29912E+20
 -162 72	    0.00000000  -0.22161E+01 -0.71332E-01 -0.19579E+00 -0.10791E+00   0.29912E+20
 -160 52	    0.00000000  -0.11497E+01 -0.17748E+00 -0.43434E-01 -0.17530E+00   0.29912E+20
 -160 54	    0.00000000  -0.12902E+01 -0.16014E+00 -0.67679E-01 -0.17303E+00   0.29912E+20
 -160 56	    0.00000000  -0.14237E+01 -0.14317E+00 -0.94415E-01 -0.16850E+00   0.29912E+20
 -160 58	    0.00000000  -0.15493E+01 -0.12767E+00 -0.12207E+00 -0.16196E+00   0.29912E+20
 -160 60	    0.00000000  -0.16676E+01 -0.11439E+00 -0.14881E+00 -0.15384E+00   0.29912E+20
 -160 62	    0.00000000  -0.17802E+01 -0.10368E+00 -0.17288E+00 -0.14466E+00   0.29912E+20
 -160 64	    0.00000000  -0.18889E+01 -0.95481E-01 -0.19294E+00 -0.13496E+00   0.29912E+20
 -160 66	    0.00000000  -0.19957E+01 -0.89418E-01 -0.20835E+00 -0.12526E+00   0.29912E+20
 -160 68	    0.00000000  -0.21026E+01 -0.84887E-01 -0.21927E+00 -0.11596E+00   0.29912E+20
 -160 70	    0.00000000  -0.22121E+01 -0.81070E-01 -0.22657E+00 -0.10737E+00   0.29912E+20
 -160 72	    0.00000000  -0.23276E+01 -0.76839E-01 -0.23161E+00 -0.99620E-01   0.29912E+20
 -158 52	    0.00000000  -0.12429E+01 -0.16390E+00 -0.64041E-01 -0.17299E+00   0.29912E+20
 -158 54	    0.00000000  -0.13764E+01 -0.14617E+00 -0.93282E-01 -0.16825E+00   0.29912E+20
 -158 56	    0.00000000  -0.15011E+01 -0.12998E+00 -0.12496E+00 -0.16125E+00   0.29912E+20
 -158 58	    0.00000000  -0.16187E+01 -0.11644E+00 -0.15713E+00 -0.15246E+00   0.29912E+20
 -158 60	    0.00000000  -0.17322E+01 -0.10612E+00 -0.18763E+00 -0.14253E+00   0.29912E+20
 -158 62	    0.00000000  -0.18450E+01 -0.98986E-01 -0.21446E+00 -0.13215E+00   0.29912E+20
 -158 64	    0.00000000  -0.19591E+01 -0.94469E-01 -0.23613E+00 -0.12191E+00   0.29912E+20
 -158 66	    0.00000000  -0.20750E+01 -0.91719E-01 -0.25197E+00 -0.11229E+00   0.29912E+20
 -158 68	    0.00000000  -0.21920E+01 -0.89786E-01 -0.26220E+00 -0.10357E+00   0.29912E+20
 -158 70	    0.00000000  -0.23096E+01 -0.87708E-01 -0.26784E+00 -0.95880E-01   0.29912E+20
 -158 72	    0.00000000  -0.24284E+01 -0.84422E-01 -0.27039E+00 -0.89165E-01   0.29912E+20
 -156 52	    0.00000000  -0.13283E+01 -0.14736E+00 -0.88437E-01 -0.16824E+00   0.29912E+20
 -156 54	    0.00000000  -0.14496E+01 -0.12952E+00 -0.12314E+00 -0.16054E+00   0.29912E+20
 -156 56	    0.00000000  -0.15608E+01 -0.11460E+00 -0.16008E+00 -0.15064E+00   0.29912E+20
 -156 58	    0.00000000  -0.16667E+01 -0.10370E+00 -0.19695E+00 -0.13928E+00   0.29912E+20
 -156 60	    0.00000000  -0.17734E+01 -0.97117E-01 -0.23125E+00 -0.12737E+00   0.29912E+20
 -156 62	    0.00000000  -0.18857E+01 -0.94324E-01 -0.26072E+00 -0.11576E+00   0.29912E+20
 -156 64	    0.00000000  -0.20060E+01 -0.94195E-01 -0.28378E+00 -0.10511E+00   0.29912E+20
 -156 66	    0.00000000  -0.21328E+01 -0.95337E-01 -0.29974E+00 -0.95812E-01   0.29912E+20
 -156 68	    0.00000000  -0.22625E+01 -0.96424E-01 -0.30891E+00 -0.88004E-01   0.29912E+20
 -156 70	    0.00000000  -0.23910E+01 -0.96333E-01 -0.31243E+00 -0.81596E-01   0.29912E+20
 -156 72	    0.00000000  -0.25157E+01 -0.94070E-01 -0.31199E+00 -0.76340E-01   0.29912E+20
 -154 52	    0.00000000  -0.14003E+01 -0.12820E+00 -0.11674E+00 -0.16056E+00   0.29912E+20
 -154 54	    0.00000000  -0.15035E+01 -0.11060E+00 -0.15729E+00 -0.14936E+00   0.29912E+20
 -154 56	    0.00000000  -0.15962E+01 -0.97539E-01 -0.19975E+00 -0.13611E+00   0.29912E+20
 -154 58	    0.00000000  -0.16869E+01 -0.90012E-01 -0.24141E+00 -0.12189E+00   0.29912E+20
 -154 60	    0.00000000  -0.17848E+01 -0.87957E-01 -0.27947E+00 -0.10785E+00   0.29912E+20
 -154 62	    0.00000000  -0.18967E+01 -0.90285E-01 -0.31145E+00 -0.95031E-01   0.29912E+20
 -154 64	    0.00000000  -0.20245E+01 -0.95219E-01 -0.33566E+00 -0.84129E-01   0.29912E+20
 -154 66	    0.00000000  -0.21647E+01 -0.10079E+00 -0.35142E+00 -0.75453E-01   0.29912E+20
 -154 68	    0.00000000  -0.23102E+01 -0.10527E+00 -0.35914E+00 -0.68945E-01   0.29912E+20
 -154 70	    0.00000000  -0.24529E+01 -0.10738E+00 -0.36009E+00 -0.64275E-01   0.29912E+20
 -154 72	    0.00000000  -0.25869E+01 -0.10624E+00 -0.35615E+00 -0.60955E-01   0.29912E+20
 -152 52	    0.00000000  -0.14522E+01 -0.10594E+00 -0.14890E+00 -0.14942E+00   0.29912E+20
 -152 54	    0.00000000  -0.15311E+01 -0.89090E-01 -0.19558E+00 -0.13418E+00   0.29912E+20
 -152 56	    0.00000000  -0.16002E+01 -0.78596E-01 -0.24371E+00 -0.11714E+00   0.29912E+20
 -152 58	    0.00000000  -0.16723E+01 -0.75297E-01 -0.29019E+00 -0.99763E-01   0.29912E+20
 -152 60	    0.00000000  -0.17601E+01 -0.78673E-01 -0.33191E+00 -0.83491E-01   0.29912E+20
 -152 62	    0.00000000  -0.18721E+01 -0.86979E-01 -0.36623E+00 -0.69523E-01   0.29912E+20
 -152 64	    0.00000000  -0.20095E+01 -0.97722E-01 -0.39135E+00 -0.58590E-01   0.29912E+20
 -152 66	    0.00000000  -0.21662E+01 -0.10830E+00 -0.40663E+00 -0.50882E-01   0.29912E+20
 -152 68	    0.00000000  -0.23312E+01 -0.11658E+00 -0.41253E+00 -0.46115E-01   0.29912E+20
 -152 70	    0.00000000  -0.24920E+01 -0.12113E+00 -0.41050E+00 -0.43686E-01   0.29912E+20
 -152 72	    0.00000000  -0.26391E+01 -0.12114E+00 -0.40258E+00 -0.42834E-01   0.29912E+20
 -150 52	    0.00000000  -0.14771E+01 -0.80869E-01 -0.18462E+00 -0.13434E+00   0.29912E+20
 -150 54	    0.00000000  -0.15253E+01 -0.65301E-01 -0.23761E+00 -0.11448E+00   0.29912E+20
 -150 56	    0.00000000  -0.15659E+01 -0.58127E-01 -0.29146E+00 -0.93240E-01   0.29912E+20
 -150 58	    0.00000000  -0.16166E+01 -0.59933E-01 -0.34272E+00 -0.72444E-01   0.29912E+20
 -150 60	    0.00000000  -0.16935E+01 -0.69651E-01 -0.38800E+00 -0.53857E-01   0.29912E+20
 -150 62	    0.00000000  -0.18065E+01 -0.84797E-01 -0.42448E+00 -0.38845E-01   0.29912E+20
 -150 64	    0.00000000  -0.19561E+01 -0.10210E+00 -0.45031E+00 -0.28142E-01   0.29912E+20
 -150 66	    0.00000000  -0.21330E+01 -0.11831E+00 -0.46485E+00 -0.21794E-01   0.29912E+20
 -150 68	    0.00000000  -0.23216E+01 -0.13083E+00 -0.46863E+00 -0.19260E-01   0.29912E+20
 -150 70	    0.00000000  -0.25050E+01 -0.13807E+00 -0.46323E+00 -0.19625E-01   0.29912E+20
 -150 72	    0.00000000  -0.26696E+01 -0.13933E+00 -0.45089E+00 -0.21820E-01   0.29912E+20
 -148 52	    0.00000000  -0.14685E+01 -0.52853E-01 -0.22334E+00 -0.11488E+00   0.29912E+20
 -148 54	    0.00000000  -0.14795E+01 -0.39224E-01 -0.28270E+00 -0.89845E-01   0.29912E+20
 -148 56	    0.00000000  -0.14871E+01 -0.36202E-01 -0.34225E+00 -0.63980E-01   0.29912E+20
 -148 58	    0.00000000  -0.15139E+01 -0.44034E-01 -0.39820E+00 -0.39535E-01   0.29912E+20
 -148 60	    0.00000000  -0.15796E+01 -0.61012E-01 -0.44692E+00 -0.18588E-01   0.29912E+20
 -148 62	    0.00000000  -0.16954E+01 -0.83843E-01 -0.48545E+00 -0.26661E-02   0.29912E+20
 -148 64	    0.00000000  -0.18601E+01 -0.10843E+00 -0.51185E+00  0.75096E-02   0.29912E+20
 -148 66	    0.00000000  -0.20611E+01 -0.13082E+00 -0.52546E+00  0.12067E-01   0.29912E+20
 -148 68	    0.00000000  -0.22780E+01 -0.14796E+00 -0.52687E+00  0.11837E-01   0.29912E+20
 -148 70	    0.00000000  -0.24888E+01 -0.15808E+00 -0.51778E+00  0.80818E-02   0.29912E+20
 -148 72	    0.00000000  -0.26759E+01 -0.16058E+00 -0.50064E+00  0.22168E-02   0.29912E+20
 -146 52	    0.00000000  -0.14203E+01 -0.21653E-01 -0.26421E+00 -0.90674E-01   0.29912E+20
 -146 54	    0.00000000  -0.13880E+01 -0.10668E-01 -0.32990E+00 -0.59921E-01   0.29912E+20
 -146 56	    0.00000000  -0.13585E+01 -0.12669E-01 -0.39505E+00 -0.29046E-01   0.29912E+20
 -146 58	    0.00000000  -0.13596E+01 -0.27474E-01 -0.45560E+00 -0.74248E-03   0.29912E+20
 -146 60	    0.00000000  -0.14143E+01 -0.52659E-01 -0.50770E+00  0.22587E-01   0.29912E+20
 -146 62	    0.00000000  -0.15347E+01 -0.84064E-01 -0.54823E+00  0.39263E-01   0.29912E+20
 -146 64	    0.00000000  -0.17178E+01 -0.11672E+00 -0.57516E+00  0.48593E-01   0.29912E+20
 -146 66	    0.00000000  -0.19471E+01 -0.14594E+00 -0.58775E+00  0.50905E-01   0.29912E+20
 -146 68	    0.00000000  -0.21971E+01 -0.16816E+00 -0.58662E+00  0.47349E-01   0.29912E+20
 -146 70	    0.00000000  -0.24407E+01 -0.18140E+00 -0.57357E+00  0.39573E-01   0.29912E+20
 -146 72	    0.00000000  -0.26557E+01 -0.18513E+00 -0.55130E+00  0.29379E-01   0.29912E+20
 -144 52	    0.00000000  -0.13283E+01  0.12212E-01 -0.30611E+00 -0.61504E-01   0.29912E+20
 -144 54	    0.00000000  -0.12472E+01  0.19851E-01 -0.37799E+00 -0.24507E-01   0.29912E+20
 -144 56	    0.00000000  -0.11770E+01  0.12001E-01 -0.44863E+00  0.11747E-01   0.29912E+20
 -144 58	    0.00000000  -0.11508E+01 -0.10652E-01 -0.51372E+00  0.44103E-01   0.29912E+20
 -144 60	    0.00000000  -0.11949E+01 -0.44910E-01 -0.56922E+00  0.69830E-01   0.29912E+20
 -144 62	    0.00000000  -0.13217E+01 -0.85702E-01 -0.61181E+00  0.87098E-01   0.29912E+20
 -144 64	    0.00000000  -0.15263E+01 -0.12715E+00 -0.63931E+00  0.95260E-01   0.29912E+20
 -144 66	    0.00000000  -0.17881E+01 -0.16379E+00 -0.65089E+00  0.94859E-01   0.29912E+20
 -144 68	    0.00000000  -0.20763E+01 -0.19151E+00 -0.64713E+00  0.87398E-01   0.29912E+20
 -144 70	    0.00000000  -0.23581E+01 -0.20811E+00 -0.62995E+00  0.74945E-01   0.29912E+20
 -144 72	    0.00000000  -0.26069E+01 -0.21312E+00 -0.60229E+00  0.59733E-01   0.29912E+20
 -142 52	    0.00000000  -0.11903E+01  0.48870E-01 -0.34770E+00 -0.27305E-01   0.29912E+20
 -142 54	    0.00000000  -0.10554E+01  0.52460E-01 -0.42556E+00  0.16438E-01   0.29912E+20
 -142 56	    0.00000000  -0.94144E+00  0.37949E-01 -0.50159E+00  0.58427E-01   0.29912E+20
 -142 58	    0.00000000  -0.88667E+00  0.65797E-02 -0.57125E+00  0.95031E-01   0.29912E+20
 -142 60	    0.00000000  -0.92025E+00 -0.37636E-01 -0.63026E+00  0.12318E+00   0.29912E+20
 -142 62	    0.00000000  -0.10549E+01 -0.88682E-01 -0.67510E+00  0.14089E+00   0.29912E+20
 -142 64	    0.00000000  -0.12838E+01 -0.13974E+00 -0.70336E+00  0.14758E+00   0.29912E+20
 -142 66	    0.00000000  -0.15819E+01 -0.18448E+00 -0.71401E+00  0.14400E+00   0.29912E+20
 -142 68	    0.00000000  -0.19132E+01 -0.21822E+00 -0.70761E+00  0.13205E+00   0.29912E+20
 -142 70	    0.00000000  -0.22390E+01 -0.23844E+00 -0.68619E+00  0.11424E+00   0.29912E+20
 -142 72	    0.00000000  -0.25276E+01 -0.24473E+00 -0.65297E+00  0.93309E-01   0.29912E+20
 -140 52	    0.00000000  -0.10074E+01  0.88204E-01 -0.38750E+00  0.11798E-01   0.29912E+20
 -140 54	    0.00000000  -0.81422E+00  0.87168E-01 -0.47112E+00  0.62770E-01   0.29912E+20
 -140 56	    0.00000000  -0.65347E+00  0.65312E-01 -0.55249E+00  0.11085E+00   0.29912E+20
 -140 58	    0.00000000  -0.56841E+00  0.24467E-01 -0.62683E+00  0.15192E+00   0.29912E+20
 -140 60	    0.00000000  -0.59099E+00 -0.30526E-01 -0.68962E+00  0.18255E+00   0.29912E+20
 -140 62	    0.00000000  -0.73428E+00 -0.92682E-01 -0.73701E+00  0.20060E+00   0.29912E+20
 -140 64	    0.00000000  -0.98931E+00 -0.15418E+00 -0.76628E+00  0.20552E+00   0.29912E+20
 -140 66	    0.00000000  -0.13272E+01 -0.20779E+00 -0.77620E+00  0.19832E+00   0.29912E+20
 -140 68	    0.00000000  -0.17062E+01 -0.24812E+00 -0.76722E+00  0.18129E+00   0.29912E+20
 -140 70	    0.00000000  -0.20818E+01 -0.27231E+00 -0.74152E+00  0.15747E+00   0.29912E+20
 -140 72	    0.00000000  -0.24167E+01 -0.27996E+00 -0.70263E+00  0.13009E+00   0.29912E+20
 -138 52	    0.00000000  -0.78377E+00  0.12993E+00 -0.42403E+00  0.55484E-01   0.29912E+20
 -138 54	    0.00000000  -0.52820E+00  0.12379E+00 -0.51321E+00  0.11416E+00   0.29912E+20
 -138 56	    0.00000000  -0.31742E+00  0.94007E-01 -0.59995E+00  0.16872E+00   0.29912E+20
 -138 58	    0.00000000  -0.19959E+00  0.43001E-01 -0.67921E+00  0.21450E+00   0.29912E+20
 -138 60	    0.00000000  -0.20951E+00 -0.23554E-01 -0.74613E+00  0.24772E+00   0.29912E+20
 -138 62	    0.00000000  -0.36087E+00 -0.97678E-01 -0.79647E+00  0.26605E+00   0.29912E+20
 -138 64	    0.00000000  -0.64303E+00 -0.17048E+00 -0.82711E+00  0.26897E+00   0.29912E+20
 -138 66	    0.00000000  -0.10233E+01 -0.23372E+00 -0.83652E+00  0.25774E+00   0.29912E+20
 -138 68	    0.00000000  -0.14544E+01 -0.28120E+00 -0.82508E+00  0.23507E+00   0.29912E+20
 -138 70	    0.00000000  -0.18855E+01 -0.30964E+00 -0.79511E+00  0.20455E+00   0.29912E+20
 -138 72	    0.00000000  -0.22731E+01 -0.31865E+00 -0.75054E+00  0.17003E+00   0.29912E+20
 -136 52	    0.00000000  -0.52695E+00  0.17423E+00 -0.45596E+00  0.10325E+00   0.29912E+20
 -136 54	    0.00000000  -0.20491E+00  0.16266E+00 -0.55056E+00  0.17011E+00   0.29912E+20
 -136 56	    0.00000000   0.59884E-01  0.12449E+00 -0.64278E+00  0.23155E+00   0.29912E+20
 -136 58	    0.00000000   0.21431E+00  0.62703E-01 -0.72728E+00  0.28237E+00   0.29912E+20
 -136 60	    0.00000000   0.22033E+00 -0.16214E-01 -0.79879E+00  0.31837E+00   0.29912E+20
 -136 62	    0.00000000   0.63037E-01 -0.10324E+00 -0.85253E+00  0.33700E+00   0.29912E+20
 -136 64	    0.00000000  -0.24590E+00 -0.18833E+00 -0.88490E+00  0.33774E+00   0.29912E+20
 -136 66	    0.00000000  -0.67036E+00 -0.26208E+00 -0.89404E+00  0.32210E+00   0.29912E+20
 -136 68	    0.00000000  -0.11575E+01 -0.31739E+00 -0.88026E+00  0.29325E+00   0.29912E+20
 -136 70	    0.00000000  -0.16496E+01 -0.35044E+00 -0.84610E+00  0.25539E+00   0.29912E+20
 -136 72	    0.00000000  -0.20965E+01 -0.36080E+00 -0.79593E+00  0.21300E+00   0.29912E+20
 -134 52	    0.00000000  -0.24742E+00  0.22075E+00 -0.48230E+00  0.15442E+00   0.29912E+20
 -134 54	    0.00000000   0.14559E+00  0.20362E+00 -0.58223E+00  0.22998E+00   0.29912E+20
 -134 56	    0.00000000   0.46965E+00  0.15678E+00 -0.68012E+00  0.29878E+00   0.29912E+20
 -134 58	    0.00000000   0.66631E+00  0.83687E-01 -0.77026E+00  0.35503E+00   0.29912E+20
 -134 60	    0.00000000   0.69355E+00 -0.83465E-02 -0.84680E+00  0.39408E+00   0.29912E+20
 -134 62	    0.00000000   0.53428E+00 -0.10921E+00 -0.90437E+00  0.41310E+00   0.29912E+20
 -134 64	    0.00000000   0.20031E+00 -0.20757E+00 -0.93879E+00  0.41155E+00   0.29912E+20
 -134 66	    0.00000000  -0.26925E+00 -0.29272E+00 -0.94786E+00  0.39117E+00   0.29912E+20
 -134 68	    0.00000000  -0.81587E+00 -0.35649E+00 -0.93186E+00  0.35562E+00   0.29912E+20
 -134 70	    0.00000000  -0.13744E+01 -0.39446E+00 -0.89361E+00  0.30978E+00   0.29912E+20
 -134 72	    0.00000000  -0.18871E+01 -0.40621E+00 -0.83800E+00  0.25887E+00   0.29912E+20
 -132 52	    0.00000000   0.42388E-01  0.26988E+00 -0.50255E+00  0.20825E+00   0.29912E+20
 -132 54	    0.00000000   0.51175E+00  0.24725E+00 -0.60778E+00  0.29304E+00   0.29912E+20
 -132 56	    0.00000000   0.90199E+00  0.19153E+00 -0.71155E+00  0.36974E+00   0.29912E+20
 -132 58	    0.00000000   0.11487E+01  0.10662E+00 -0.80767E+00  0.43192E+00   0.29912E+20
 -132 60	    0.00000000   0.12046E+01  0.64245E-03 -0.88963E+00  0.47437E+00   0.29912E+20
 -132 62	    0.00000000   0.10491E+01 -0.11512E+00 -0.95133E+00  0.49395E+00   0.29912E+20
 -132 64	    0.00000000   0.69318E+00 -0.22788E+00 -0.98799E+00  0.49004E+00   0.29912E+20
 -132 66	    0.00000000   0.17842E+00 -0.32544E+00 -0.99710E+00  0.46462E+00   0.29912E+20
 -132 68	    0.00000000  -0.43070E+00 -0.39841E+00 -0.97895E+00  0.42190E+00   0.29912E+20
 -132 70	    0.00000000  -0.10608E+01 -0.44170E+00 -0.93675E+00  0.36749E+00   0.29912E+20
 -132 72	    0.00000000  -0.16457E+01 -0.45488E+00 -0.87593E+00  0.30741E+00   0.29912E+20
 -130 52	    0.00000000   0.32938E+00  0.32130E+00 -0.51679E+00  0.26395E+00   0.29912E+20
 -130 54	    0.00000000   0.88172E+00  0.29337E+00 -0.62730E+00  0.35855E+00   0.29912E+20
 -130 56	    0.00000000   0.13470E+01  0.22867E+00 -0.73710E+00  0.44376E+00   0.29912E+20
 -130 58	    0.00000000   0.16537E+01  0.13147E+00 -0.83942E+00  0.51242E+00   0.29912E+20
 -130 60	    0.00000000   0.17478E+01  0.10707E-01 -0.92699E+00  0.55871E+00   0.29912E+20
 -130 62	    0.00000000   0.16036E+01 -0.12104E+00 -0.99290E+00  0.57907E+00   0.29912E+20
 -130 64	    0.00000000   0.12298E+01 -0.24930E+00 -0.10318E+01  0.57278E+00   0.29912E+20
 -130 66	    0.00000000   0.67035E+00 -0.36022E+00 -0.10409E+01  0.54208E+00   0.29912E+20
 -130 68	    0.00000000  -0.39358E-02 -0.44300E+00 -0.10206E+01  0.49175E+00   0.29912E+20
 -130 70	    0.00000000  -0.71058E+00 -0.49184E+00 -0.97461E+00  0.42821E+00   0.29912E+20
 -130 72	    0.00000000  -0.13737E+01 -0.50630E+00 -0.90894E+00  0.35836E+00   0.29912E+20
 -128 52	    0.00000000   0.60146E+00  0.37535E+00 -0.52574E+00  0.32079E+00   0.29912E+20
 -128 54	    0.00000000   0.12449E+01  0.34243E+00 -0.64146E+00  0.42582E+00   0.29912E+20
 -128 56	    0.00000000   0.17961E+01  0.26871E+00 -0.75730E+00  0.52021E+00   0.29912E+20
 -128 58	    0.00000000   0.21748E+01  0.15872E+00 -0.86579E+00  0.59597E+00   0.29912E+20
 -128 60	    0.00000000   0.23182E+01  0.22275E-01 -0.95883E+00  0.64658E+00   0.29912E+20
 -128 62	    0.00000000   0.21936E+01 -0.12657E+00 -0.10287E+01  0.66798E+00   0.29912E+20
 -128 64	    0.00000000   0.18068E+01 -0.27150E+00 -0.10696E+01  0.65931E+00   0.29912E+20
 -128 66	    0.00000000   0.12035E+01 -0.39670E+00 -0.10784E+01  0.62310E+00   0.29912E+20
 -128 68	    0.00000000   0.46163E+00 -0.48991E+00 -0.10559E+01  0.56474E+00   0.29912E+20
 -128 70	    0.00000000  -0.32617E+00 -0.54454E+00 -0.10063E+01  0.49156E+00   0.29912E+20
 -128 72	    0.00000000  -0.10733E+01 -0.56026E+00 -0.93621E+00  0.41142E+00   0.29912E+20
 -126 52	    0.00000000   0.84922E+00  0.43217E+00 -0.53070E+00  0.37818E+00   0.29912E+20
 -126 54	    0.00000000   0.15933E+01  0.39463E+00 -0.65144E+00  0.49428E+00   0.29912E+20
 -126 56	    0.00000000   0.22428E+01  0.31180E+00 -0.77304E+00  0.59855E+00   0.29912E+20
 -126 58	    0.00000000   0.27068E+01  0.18846E+00 -0.88731E+00  0.68206E+00   0.29912E+20
 -126 60	    0.00000000   0.29116E+01  0.35369E-01 -0.98527E+00  0.73745E+00   0.29912E+20
 -126 62	    0.00000000   0.28156E+01 -0.13174E+00 -0.10585E+01  0.76013E+00   0.29912E+20
 -126 64	    0.00000000   0.24205E+01 -0.29444E+00 -0.11007E+01  0.74909E+00   0.29912E+20
 -126 66	    0.00000000   0.17742E+01 -0.43481E+00 -0.11088E+01  0.70713E+00   0.29912E+20
 -126 68	    0.00000000   0.96237E+00 -0.53896E+00 -0.10840E+01  0.64039E+00   0.29912E+20
 -126 70	    0.00000000   0.89079E-01 -0.59953E+00 -0.10310E+01  0.55711E+00   0.29912E+20
 -126 72	    0.00000000  -0.74712E+00 -0.61634E+00 -0.95700E+00  0.46621E+00   0.29912E+20
 -124 52	    0.00000000   0.10674E+01  0.49139E+00 -0.53345E+00  0.43576E+00   0.29912E+20
 -124 54	    0.00000000   0.19227E+01  0.44953E+00 -0.65877E+00  0.56358E+00   0.29912E+20
 -124 56	    0.00000000   0.26839E+01  0.35746E+00 -0.78550E+00  0.67838E+00   0.29912E+20
 -124 58	    0.00000000   0.32470E+01  0.22017E+00 -0.90466E+00  0.77022E+00   0.29912E+20
 -124 60	    0.00000000   0.35250E+01  0.49497E-01 -0.10065E+01  0.83083E+00   0.29912E+20
 -124 62	    0.00000000   0.34660E+01 -0.13694E+00 -0.10819E+01  0.85498E+00   0.29912E+20
 -124 64	    0.00000000   0.30668E+01 -0.31836E+00 -0.11245E+01  0.84153E+00   0.29912E+20
 -124 66	    0.00000000   0.23779E+01 -0.47454E+00 -0.11313E+01  0.79361E+00   0.29912E+20
 -124 68	    0.00000000   0.14937E+01 -0.58991E+00 -0.11040E+01  0.71812E+00   0.29912E+20
 -124 70	    0.00000000   0.53100E+00 -0.65641E+00 -0.10478E+01  0.62436E+00   0.29912E+20
 -124 72	    0.00000000  -0.39881E+00 -0.67409E+00 -0.97058E+00  0.52232E+00   0.29912E+20
 -122 52	    0.00000000   0.12561E+01  0.55314E+00 -0.53600E+00  0.49343E+00   0.29912E+20
 -122 54	    0.00000000   0.22338E+01  0.50715E+00 -0.66516E+00  0.63353E+00   0.29912E+20
 -122 56	    0.00000000   0.31198E+01  0.40556E+00 -0.79591E+00  0.75947E+00   0.29912E+20
 -122 58	    0.00000000   0.37948E+01  0.25363E+00 -0.91854E+00  0.86012E+00   0.29912E+20
 -122 60	    0.00000000   0.41566E+01  0.64431E-01 -0.10226E+01  0.92624E+00   0.29912E+20
 -122 62	    0.00000000   0.41414E+01 -0.14230E+00 -0.10988E+01  0.95196E+00   0.29912E+20
 -122 64	    0.00000000   0.37410E+01 -0.34322E+00 -0.11404E+01  0.93598E+00   0.29912E+20
 -122 66	    0.00000000   0.30091E+01 -0.51568E+00 -0.11451E+01  0.88185E+00   0.29912E+20
 -122 68	    0.00000000   0.20501E+01 -0.64242E+00 -0.11150E+01  0.79730E+00   0.29912E+20
 -122 70	    0.00000000   0.99458E+00 -0.71475E+00 -0.10560E+01  0.69275E+00   0.29912E+20
 -122 72	    0.00000000  -0.32473E-01 -0.73310E+00 -0.97633E+00  0.57930E+00   0.29912E+20
 -120 52	    0.00000000   0.14211E+01  0.61610E+00 -0.54033E+00  0.55137E+00   0.29912E+20
 -120 54	    0.00000000   0.25319E+01  0.56594E+00 -0.67223E+00  0.70423E+00   0.29912E+20
 -120 56	    0.00000000   0.35543E+01  0.45442E+00 -0.80537E+00  0.84171E+00   0.29912E+20
 -120 58	    0.00000000   0.43519E+01  0.28714E+00 -0.92946E+00  0.95148E+00   0.29912E+20
 -120 60	    0.00000000   0.48054E+01  0.78635E-01 -0.10337E+01  0.10232E+01   0.29912E+20
 -120 62	    0.00000000   0.48382E+01 -0.14905E+00 -0.11085E+01  0.10505E+01   0.29912E+20
 -120 64	    0.00000000   0.44377E+01 -0.36982E+00 -0.11477E+01  0.10317E+01   0.29912E+20
 -120 66	    0.00000000   0.36614E+01 -0.55854E+00 -0.11493E+01  0.97112E+00   0.29912E+20
 -120 68	    0.00000000   0.26251E+01 -0.69631E+00 -0.11163E+01  0.87725E+00   0.29912E+20
 -120 70	    0.00000000   0.14739E+01 -0.77392E+00 -0.10548E+01  0.76167E+00   0.29912E+20
 -120 72	    0.00000000   0.34712E+00 -0.79229E+00 -0.97368E+00  0.63665E+00   0.29912E+20
 -180 20	    0.00000000  -0.36389E-01 -0.18023E+00  0.16728E-01 -0.89755E-01   0.29912E+20
 -180 24	    0.00000000  -0.38279E-01 -0.19820E+00  0.17412E-01 -0.91942E-01   0.29912E+20
 -180 28	    0.00000000  -0.41583E-01 -0.21361E+00  0.18393E-01 -0.94651E-01   0.29912E+20
 -180 32	    0.00000000  -0.49620E-01 -0.22644E+00  0.19723E-01 -0.98354E-01   0.29912E+20
 -180 36	    0.00000000  -0.67547E-01 -0.23656E+00  0.21392E-01 -0.10357E+00   0.29912E+20
 -180 40	    0.00000000  -0.10355E+00 -0.24356E+00  0.23289E-01 -0.11080E+00   0.29912E+20
 -180 44	    0.00000000  -0.16933E+00 -0.24632E+00  0.25144E-01 -0.12033E+00   0.29912E+20
 -180 48	    0.00000000  -0.27671E+00 -0.24253E+00  0.26472E-01 -0.13180E+00   0.29912E+20
 -180 52	    0.00000000  -0.42702E+00 -0.22864E+00  0.26608E-01 -0.14351E+00   0.29912E+20
 -180 56	    0.00000000  -0.59715E+00 -0.20171E+00  0.24940E-01 -0.15209E+00   0.29912E+20
 -180 60	    0.00000000  -0.74119E+00 -0.16339E+00  0.21236E-01 -0.15349E+00   0.29912E+20
 -180 64	    0.00000000  -0.82948E+00 -0.12281E+00  0.15544E-01 -0.14572E+00   0.29912E+20
 -180 68	    0.00000000  -0.90923E+00 -0.92361E-01  0.72282E-02 -0.13173E+00   0.29912E+20
 -180 72	    0.00000000  -0.11144E+01 -0.74693E-01 -0.61344E-02 -0.11835E+00   0.29912E+20
 -180 76	    0.00000000  -0.15623E+01 -0.52362E-01 -0.28154E-01 -0.10945E+00   0.29912E+20
 -180 80	    0.00000000  -0.21938E+01  0.43203E-02 -0.60808E-01 -0.97082E-01   0.29912E+20
 -176 20	    0.00000000  -0.37218E-01 -0.18042E+00  0.17045E-01 -0.92799E-01   0.29912E+20
 -176 24	    0.00000000  -0.40704E-01 -0.19853E+00  0.17895E-01 -0.95436E-01   0.29912E+20
 -176 28	    0.00000000  -0.46851E-01 -0.21411E+00  0.19093E-01 -0.98759E-01   0.29912E+20
 -176 32	    0.00000000  -0.59397E-01 -0.22707E+00  0.20668E-01 -0.10323E+00   0.29912E+20
 -176 36	    0.00000000  -0.84190E-01 -0.23720E+00  0.22561E-01 -0.10933E+00   0.29912E+20
 -176 40	    0.00000000  -0.13049E+00 -0.24397E+00  0.24551E-01 -0.11752E+00   0.29912E+20
 -176 44	    0.00000000  -0.21132E+00 -0.24613E+00  0.26143E-01 -0.12796E+00   0.29912E+20
 -176 48	    0.00000000  -0.33951E+00 -0.24127E+00  0.26469E-01 -0.14015E+00   0.29912E+20
 -176 52	    0.00000000  -0.51637E+00 -0.22599E+00  0.24393E-01 -0.15220E+00   0.29912E+20
 -176 56	    0.00000000  -0.71786E+00 -0.19780E+00  0.19043E-01 -0.16064E+00   0.29912E+20
 -176 60	    0.00000000  -0.89688E+00 -0.15887E+00  0.10539E-01 -0.16146E+00   0.29912E+20
 -176 64	    0.00000000  -0.10209E+01 -0.11833E+00 -0.11266E-03 -0.15285E+00   0.29912E+20
 -176 68	    0.00000000  -0.11286E+01 -0.87917E-01 -0.12691E-01 -0.13769E+00   0.29912E+20
 -176 72	    0.00000000  -0.13390E+01 -0.69979E-01 -0.29620E-01 -0.12249E+00   0.29912E+20
 -176 76	    0.00000000  -0.17575E+01 -0.48073E-01 -0.55063E-01 -0.11098E+00   0.29912E+20
 -176 80	    0.00000000  -0.23286E+01  0.59119E-02 -0.90772E-01 -0.95871E-01   0.29912E+20
 -172 20	    0.00000000  -0.38547E-01 -0.18074E+00  0.17439E-01 -0.96067E-01   0.29912E+20
 -172 24	    0.00000000  -0.44309E-01 -0.19904E+00  0.18477E-01 -0.99267E-01   0.29912E+20
 -172 28	    0.00000000  -0.54297E-01 -0.21481E+00  0.19905E-01 -0.10333E+00   0.29912E+20
 -172 32	    0.00000000  -0.72922E-01 -0.22787E+00  0.21713E-01 -0.10870E+00   0.29912E+20
 -172 36	    0.00000000  -0.10717E+00 -0.23790E+00  0.23757E-01 -0.11583E+00   0.29912E+20
 -172 40	    0.00000000  -0.16792E+00 -0.24419E+00  0.25626E-01 -0.12507E+00   0.29912E+20
 -172 44	    0.00000000  -0.26969E+00 -0.24525E+00  0.26435E-01 -0.13643E+00   0.29912E+20
 -172 48	    0.00000000  -0.42536E+00 -0.23858E+00  0.24691E-01 -0.14912E+00   0.29912E+20
 -172 52	    0.00000000  -0.63402E+00 -0.22110E+00  0.18586E-01 -0.16097E+00   0.29912E+20
 -172 56	    0.00000000  -0.86875E+00 -0.19125E+00  0.70933E-02 -0.16842E+00   0.29912E+20
 -172 60	    0.00000000  -0.10816E+01 -0.15214E+00 -0.87442E-02 -0.16775E+00   0.29912E+20
 -172 64	    0.00000000  -0.12397E+01 -0.11282E+00 -0.26122E-01 -0.15762E+00   0.29912E+20
 -172 68	    0.00000000  -0.13738E+01 -0.83716E-01 -0.43339E-01 -0.14104E+00   0.29912E+20
 -172 72	    0.00000000  -0.15857E+01 -0.66338E-01 -0.62709E-01 -0.12409E+00   0.29912E+20
 -172 76	    0.00000000  -0.19664E+01 -0.45349E-01 -0.89223E-01 -0.11021E+00   0.29912E+20
 -172 80	    0.00000000  -0.24666E+01  0.54496E-02 -0.12495E+00 -0.92763E-01   0.29912E+20
 -168 20	    0.00000000  -0.40690E-01 -0.18117E+00  0.17917E-01 -0.99603E-01   0.29912E+20
 -168 24	    0.00000000  -0.49569E-01 -0.19969E+00  0.19163E-01 -0.10349E+00   0.29912E+20
 -168 28	    0.00000000  -0.64706E-01 -0.21564E+00  0.20821E-01 -0.10843E+00   0.29912E+20
 -168 32	    0.00000000  -0.91588E-01 -0.22875E+00  0.22821E-01 -0.11485E+00   0.29912E+20
 -168 36	    0.00000000  -0.13897E+00 -0.23849E+00  0.24875E-01 -0.12312E+00   0.29912E+20
 -168 40	    0.00000000  -0.21990E+00 -0.24385E+00  0.26241E-01 -0.13347E+00   0.29912E+20
 -168 44	    0.00000000  -0.34997E+00 -0.24302E+00  0.25396E-01 -0.14562E+00   0.29912E+20
 -168 48	    0.00000000  -0.53976E+00 -0.23338E+00  0.19909E-01 -0.15829E+00   0.29912E+20
 -168 52	    0.00000000  -0.78252E+00 -0.21260E+00  0.71689E-02 -0.16891E+00   0.29912E+20
 -168 56	    0.00000000  -0.10466E+01 -0.18081E+00 -0.13648E-01 -0.17395E+00   0.29912E+20
 -168 60	    0.00000000  -0.12860E+01 -0.14262E+00 -0.39668E-01 -0.17044E+00   0.29912E+20
 -168 64	    0.00000000  -0.14727E+01 -0.10659E+00 -0.65305E-01 -0.15802E+00   0.29912E+20
 -168 68	    0.00000000  -0.16315E+01 -0.80798E-01 -0.86918E-01 -0.14000E+00   0.29912E+20
 -168 72	    0.00000000  -0.18432E+01 -0.65172E-01 -0.10685E+00 -0.12185E+00   0.29912E+20
 -168 76	    0.00000000  -0.21810E+01 -0.45639E-01 -0.13136E+00 -0.10634E+00   0.29912E+20
 -168 80	    0.00000000  -0.26036E+01  0.15009E-02 -0.16347E+00 -0.87417E-01   0.29912E+20
 -164 20	    0.00000000  -0.44013E-01 -0.18172E+00  0.18482E-01 -0.10346E+00   0.29912E+20
 -164 24	    0.00000000  -0.57066E-01 -0.20047E+00  0.19945E-01 -0.10816E+00   0.29912E+20
 -164 28	    0.00000000  -0.79097E-01 -0.21657E+00  0.21816E-01 -0.11412E+00   0.29912E+20
 -164 32	    0.00000000  -0.11727E+00 -0.22957E+00  0.23924E-01 -0.12172E+00   0.29912E+20
 -164 36	    0.00000000  -0.18288E+00 -0.23867E+00  0.25730E-01 -0.13124E+00   0.29912E+20
 -164 40	    0.00000000  -0.29136E+00 -0.24238E+00  0.25942E-01 -0.14266E+00   0.29912E+20
 -164 44	    0.00000000  -0.45772E+00 -0.23836E+00  0.22053E-01 -0.15518E+00   0.29912E+20
 -164 48	    0.00000000  -0.68599E+00 -0.22409E+00  0.10364E-01 -0.16681E+00   0.29912E+20
 -164 52	    0.00000000  -0.95877E+00 -0.19872E+00 -0.12494E-01 -0.17447E+00   0.29912E+20
 -164 56	    0.00000000  -0.12396E+01 -0.16517E+00 -0.46402E-01 -0.17499E+00   0.29912E+20
 -164 60	    0.00000000  -0.14914E+01 -0.12999E+00 -0.85434E-01 -0.16691E+00   0.29912E+20
 -164 64	    0.00000000  -0.16989E+01 -0.10038E+00 -0.12028E+00 -0.15148E+00   0.29912E+20
 -164 68	    0.00000000  -0.18826E+01 -0.80558E-01 -0.14522E+00 -0.13245E+00   0.29912E+20
 -164 72	    0.00000000  -0.20965E+01 -0.67997E-01 -0.16304E+00 -0.11423E+00   0.29912E+20
 -164 76	    0.00000000  -0.23914E+01 -0.49985E-01 -0.18180E+00 -0.98517E-01   0.29912E+20
 -164 80	    0.00000000  -0.27345E+01 -0.56252E-02 -0.20621E+00 -0.79483E-01   0.29912E+20
 -160 20	    0.00000000  -0.48939E-01 -0.18239E+00  0.19129E-01 -0.10767E+00   0.29912E+20
 -160 24	    0.00000000  -0.67512E-01 -0.20136E+00  0.20807E-01 -0.11333E+00   0.29912E+20
 -160 28	    0.00000000  -0.98778E-01 -0.21752E+00  0.22846E-01 -0.12044E+00   0.29912E+20
 -160 32	    0.00000000  -0.15237E+00 -0.23019E+00  0.24902E-01 -0.12935E+00   0.29912E+20
 -160 36	    0.00000000  -0.24279E+00 -0.23806E+00  0.26019E-01 -0.14016E+00   0.29912E+20
 -160 40	    0.00000000  -0.38724E+00 -0.23891E+00  0.24037E-01 -0.15239E+00   0.29912E+20
 -160 44	    0.00000000  -0.59649E+00 -0.22979E+00  0.15034E-01 -0.16442E+00   0.29912E+20
 -160 48	    0.00000000  -0.86152E+00 -0.20869E+00 -0.62065E-02 -0.17324E+00   0.29912E+20
 -160 52	    0.00000000  -0.11497E+01 -0.17748E+00 -0.43434E-01 -0.17530E+00   0.29912E+20
 -160 56	    0.00000000  -0.14237E+01 -0.14317E+00 -0.94415E-01 -0.16850E+00   0.29912E+20
 -160 60	    0.00000000  -0.16676E+01 -0.11439E+00 -0.14881E+00 -0.15384E+00   0.29912E+20
 -160 64	    0.00000000  -0.18889E+01 -0.95481E-01 -0.19294E+00 -0.13496E+00   0.29912E+20
 -160 68	    0.00000000  -0.21026E+01 -0.84887E-01 -0.21927E+00 -0.11596E+00   0.29912E+20
 -160 72	    0.00000000  -0.23276E+01 -0.76839E-01 -0.23161E+00 -0.99620E-01   0.29912E+20
 -160 76	    0.00000000  -0.25861E+01 -0.60381E-01 -0.24037E+00 -0.85833E-01   0.29912E+20
 -160 80	    0.00000000  -0.28537E+01 -0.18274E-01 -0.25274E+00 -0.68615E-01   0.29912E+20
 -156 20	    0.00000000  -0.55948E-01 -0.18368E+00  0.19847E-01 -0.11229E+00   0.29912E+20
 -156 24	    0.00000000  -0.81753E-01 -0.20285E+00  0.21720E-01 -0.11903E+00   0.29912E+20
 -156 28	    0.00000000  -0.12532E+00 -0.21894E+00  0.23838E-01 -0.12744E+00   0.29912E+20
 -156 32	    0.00000000  -0.19960E+00 -0.23084E+00  0.25576E-01 -0.13774E+00   0.29912E+20
 -156 36	    0.00000000  -0.32253E+00 -0.23651E+00  0.25312E-01 -0.14972E+00   0.29912E+20
 -156 40	    0.00000000  -0.51073E+00 -0.23268E+00  0.19599E-01 -0.16214E+00   0.29912E+20
 -156 44	    0.00000000  -0.76445E+00 -0.21579E+00  0.26679E-02 -0.17214E+00   0.29912E+20
 -156 48	    0.00000000  -0.10536E+01 -0.18525E+00 -0.32243E-01 -0.17540E+00   0.29912E+20
 -156 52	    0.00000000  -0.13283E+01 -0.14736E+00 -0.88437E-01 -0.16824E+00   0.29912E+20
 -156 56	    0.00000000  -0.15608E+01 -0.11460E+00 -0.16008E+00 -0.15064E+00   0.29912E+20
 -156 60	    0.00000000  -0.17734E+01 -0.97117E-01 -0.23125E+00 -0.12737E+00   0.29912E+20
 -156 64	    0.00000000  -0.20060E+01 -0.94195E-01 -0.28378E+00 -0.10511E+00   0.29912E+20
 -156 68	    0.00000000  -0.22625E+01 -0.96424E-01 -0.30891E+00 -0.88004E-01   0.29912E+20
 -156 72	    0.00000000  -0.25157E+01 -0.94070E-01 -0.31199E+00 -0.76340E-01   0.29912E+20
 -156 76	    0.00000000  -0.27524E+01 -0.78148E-01 -0.30627E+00 -0.67418E-01   0.29912E+20
 -156 80	    0.00000000  -0.29554E+01 -0.35277E-01 -0.30232E+00 -0.54505E-01   0.29912E+20
 -152 20	    0.00000000  -0.65563E-01 -0.18434E+00  0.20614E-01 -0.11733E+00   0.29912E+20
 -152 24	    0.00000000  -0.10072E+00 -0.20367E+00  0.22640E-01 -0.12529E+00   0.29912E+20
 -152 28	    0.00000000  -0.16039E+00 -0.21946E+00  0.24694E-01 -0.13510E+00   0.29912E+20
 -152 32	    0.00000000  -0.26149E+00 -0.22998E+00  0.25712E-01 -0.14678E+00   0.29912E+20
 -152 36	    0.00000000  -0.42446E+00 -0.23204E+00  0.23088E-01 -0.15957E+00   0.29912E+20
 -152 40	    0.00000000  -0.66061E+00 -0.22100E+00  0.11632E-01 -0.17103E+00   0.29912E+20
 -152 44	    0.00000000  -0.95059E+00 -0.19303E+00 -0.16597E-01 -0.17655E+00   0.29912E+20
 -152 48	    0.00000000  -0.12355E+01 -0.15039E+00 -0.69567E-01 -0.17039E+00   0.29912E+20
 -152 52	    0.00000000  -0.14522E+01 -0.10594E+00 -0.14890E+00 -0.14942E+00   0.29912E+20
 -152 56	    0.00000000  -0.16002E+01 -0.78596E-01 -0.24371E+00 -0.11714E+00   0.29912E+20
 -152 60	    0.00000000  -0.17601E+01 -0.78673E-01 -0.33191E+00 -0.83491E-01   0.29912E+20
 -152 64	    0.00000000  -0.20095E+01 -0.97722E-01 -0.39135E+00 -0.58590E-01   0.29912E+20
 -152 68	    0.00000000  -0.23312E+01 -0.11658E+00 -0.41253E+00 -0.46115E-01   0.29912E+20
 -152 72	    0.00000000  -0.26391E+01 -0.12114E+00 -0.40258E+00 -0.42834E-01   0.29912E+20
 -152 76	    0.00000000  -0.28773E+01 -0.10498E+00 -0.37804E+00 -0.42492E-01   0.29912E+20
 -152 80	    0.00000000  -0.30337E+01 -0.59966E-01 -0.35383E+00 -0.36897E-01   0.29912E+20
 -148 20	    0.00000000  -0.78299E-01 -0.18603E+00  0.21400E-01 -0.12283E+00   0.29912E+20
 -148 24	    0.00000000  -0.12530E+00 -0.20533E+00  0.23509E-01 -0.13210E+00   0.29912E+20
 -148 28	    0.00000000  -0.20538E+00 -0.22036E+00  0.25300E-01 -0.14336E+00   0.29912E+20
 -148 32	    0.00000000  -0.33947E+00 -0.22839E+00  0.25078E-01 -0.15627E+00   0.29912E+20
 -148 36	    0.00000000  -0.54780E+00 -0.22464E+00  0.18917E-01 -0.16914E+00   0.29912E+20
 -148 40	    0.00000000  -0.82873E+00 -0.20290E+00 -0.50039E-03 -0.17782E+00   0.29912E+20
 -148 44	    0.00000000  -0.11327E+01 -0.15983E+00 -0.43349E-01 -0.17542E+00   0.29912E+20
 -148 48	    0.00000000  -0.13676E+01 -0.10261E+00 -0.11809E+00 -0.15494E+00   0.29912E+20
 -148 52	    0.00000000  -0.14685E+01 -0.52853E-01 -0.22334E+00 -0.11488E+00   0.29912E+20
 -148 56	    0.00000000  -0.14871E+01 -0.36202E-01 -0.34225E+00 -0.63980E-01   0.29912E+20
 -148 60	    0.00000000  -0.15796E+01 -0.61012E-01 -0.44692E+00 -0.18588E-01   0.29912E+20
 -148 64	    0.00000000  -0.18601E+01 -0.10843E+00 -0.51185E+00  0.75096E-02   0.29912E+20
 -148 68	    0.00000000  -0.22780E+01 -0.14796E+00 -0.52687E+00  0.11837E-01   0.29912E+20
 -148 72	    0.00000000  -0.26759E+01 -0.16058E+00 -0.50064E+00  0.22168E-02   0.29912E+20
 -148 76	    0.00000000  -0.29482E+01 -0.14271E+00 -0.45347E+00 -0.10442E-01   0.29912E+20
 -148 80	    0.00000000  -0.30832E+01 -0.92337E-01 -0.40586E+00 -0.15623E-01   0.29912E+20
 -144 20	    0.00000000  -0.94570E-01 -0.18757E+00  0.22170E-01 -0.12875E+00   0.29912E+20
 -144 24	    0.00000000  -0.15610E+00 -0.20661E+00  0.24270E-01 -0.13943E+00   0.29912E+20
 -144 28	    0.00000000  -0.26087E+00 -0.22026E+00  0.25567E-01 -0.15211E+00   0.29912E+20
 -144 32	    0.00000000  -0.43288E+00 -0.22443E+00  0.23569E-01 -0.16590E+00   0.29912E+20
 -144 36	    0.00000000  -0.68742E+00 -0.21223E+00  0.12783E-01 -0.17774E+00   0.29912E+20
 -144 40	    0.00000000  -0.10000E+01 -0.17587E+00 -0.16395E-01 -0.18113E+00   0.29912E+20
 -144 44	    0.00000000  -0.12808E+01 -0.11370E+00 -0.76093E-01 -0.16656E+00   0.29912E+20
 -144 48	    0.00000000  -0.14058E+01 -0.40276E-01 -0.17441E+00 -0.12616E+00   0.29912E+20
 -144 52	    0.00000000  -0.13283E+01  0.12212E-01 -0.30611E+00 -0.61504E-01   0.29912E+20
 -144 56	    0.00000000  -0.11770E+01  0.12001E-01 -0.44863E+00  0.11747E-01   0.29912E+20
 -144 60	    0.00000000  -0.11949E+01 -0.44910E-01 -0.56922E+00  0.69830E-01   0.29912E+20
 -144 64	    0.00000000  -0.15263E+01 -0.12715E+00 -0.63931E+00  0.95260E-01   0.29912E+20
 -144 68	    0.00000000  -0.20763E+01 -0.19151E+00 -0.64713E+00  0.87398E-01   0.29912E+20
 -144 72	    0.00000000  -0.26069E+01 -0.21312E+00 -0.60229E+00  0.59733E-01   0.29912E+20
 -144 76	    0.00000000  -0.29540E+01 -0.19119E+00 -0.52968E+00  0.29108E-01   0.29912E+20
 -144 80	    0.00000000  -0.30993E+01 -0.13106E+00 -0.45667E+00  0.93801E-02   0.29912E+20
 -140 20	    0.00000000  -0.11458E+00 -0.18900E+00  0.22882E-01 -0.13508E+00   0.29912E+20
 -140 24	    0.00000000  -0.19318E+00 -0.20751E+00  0.24882E-01 -0.14718E+00   0.29912E+20
 -140 28	    0.00000000  -0.32621E+00 -0.21909E+00  0.25496E-01 -0.16118E+00   0.29912E+20
 -140 32	    0.00000000  -0.53877E+00 -0.21780E+00  0.21370E-01 -0.17531E+00   0.29912E+20
 -140 36	    0.00000000  -0.83502E+00 -0.19424E+00  0.54370E-02 -0.18470E+00   0.29912E+20
 -140 40	    0.00000000  -0.11575E+01 -0.13925E+00 -0.33990E-01 -0.17992E+00   0.29912E+20
 -140 44	    0.00000000  -0.13688E+01 -0.54418E-01 -0.11046E+00 -0.14862E+00   0.29912E+20
 -140 48	    0.00000000  -0.13209E+01  0.36029E-01 -0.23120E+00 -0.82683E-01   0.29912E+20
 -140 52	    0.00000000  -0.10074E+01  0.88204E-01 -0.38750E+00  0.11798E-01   0.29912E+20
 -140 56	    0.00000000  -0.65347E+00  0.65312E-01 -0.55249E+00  0.11085E+00   0.29912E+20
 -140 60	    0.00000000  -0.59099E+00 -0.30526E-01 -0.68962E+00  0.18255E+00   0.29912E+20
 -140 64	    0.00000000  -0.98931E+00 -0.15418E+00 -0.76628E+00  0.20552E+00   0.29912E+20
 -140 68	    0.00000000  -0.17062E+01 -0.24812E+00 -0.76722E+00  0.18129E+00   0.29912E+20
 -140 72	    0.00000000  -0.24167E+01 -0.27996E+00 -0.70263E+00  0.13009E+00   0.29912E+20
 -140 76	    0.00000000  -0.28863E+01 -0.25166E+00 -0.60317E+00  0.76220E-01   0.29912E+20
 -140 80	    0.00000000  -0.30783E+01 -0.17765E+00 -0.50433E+00  0.38048E-01   0.29912E+20
 -136 20	    0.00000000  -0.13822E+00 -0.19055E+00  0.23500E-01 -0.14175E+00   0.29912E+20
 -136 24	    0.00000000  -0.23596E+00 -0.20820E+00  0.25335E-01 -0.15527E+00   0.29912E+20
 -136 28	    0.00000000  -0.39964E+00 -0.21692E+00  0.25212E-01 -0.17038E+00   0.29912E+20
 -136 32	    0.00000000  -0.65304E+00 -0.20855E+00  0.19039E-01 -0.18426E+00   0.29912E+20
 -136 36	    0.00000000  -0.98324E+00 -0.17091E+00 -0.15052E-02 -0.18976E+00   0.29912E+20
 -136 40	    0.00000000  -0.12919E+01 -0.93826E-01 -0.49611E-01 -0.17408E+00   0.29912E+20
 -136 44	    0.00000000  -0.13918E+01  0.16472E-01 -0.13974E+00 -0.12198E+00   0.29912E+20
 -136 48	    0.00000000  -0.11203E+01  0.12450E+00 -0.27863E+00 -0.25678E-01   0.29912E+20
 -136 52	    0.00000000  -0.52695E+00  0.17423E+00 -0.45596E+00  0.10325E+00   0.29912E+20
 -136 56	    0.00000000   0.59884E-01  0.12449E+00 -0.64278E+00  0.23155E+00   0.29912E+20
 -136 60	    0.00000000   0.22033E+00 -0.16214E-01 -0.79879E+00  0.31837E+00   0.29912E+20
 -136 64	    0.00000000  -0.24590E+00 -0.18833E+00 -0.88490E+00  0.33774E+00   0.29912E+20
 -136 68	    0.00000000  -0.11575E+01 -0.31739E+00 -0.88026E+00  0.29325E+00   0.29912E+20
 -136 72	    0.00000000  -0.20965E+01 -0.36080E+00 -0.79593E+00  0.21300E+00   0.29912E+20
 -136 76	    0.00000000  -0.27402E+01 -0.32328E+00 -0.66998E+00  0.13059E+00   0.29912E+20
 -136 80	    0.00000000  -0.30183E+01 -0.23069E+00 -0.54678E+00  0.70173E-01   0.29912E+20
 -132 20	    0.00000000  -0.16507E+00 -0.19188E+00  0.23993E-01 -0.14867E+00   0.29912E+20
 -132 24	    0.00000000  -0.28338E+00 -0.20841E+00  0.25652E-01 -0.16356E+00   0.29912E+20
 -132 28	    0.00000000  -0.47906E+00 -0.21367E+00  0.24937E-01 -0.17961E+00   0.29912E+20
 -132 32	    0.00000000  -0.77290E+00 -0.19707E+00  0.17342E-01 -0.19274E+00   0.29912E+20
 -132 36	    0.00000000  -0.11316E+01 -0.14352E+00 -0.60783E-02 -0.19328E+00   0.29912E+20
 -132 40	    0.00000000  -0.14129E+01 -0.42139E-01 -0.59244E-01 -0.16485E+00   0.29912E+20
 -132 44	    0.00000000  -0.13802E+01  0.95591E-01 -0.15736E+00 -0.89229E-01   0.29912E+20
 -132 48	    0.00000000  -0.86016E+00  0.22238E+00 -0.30812E+00  0.40914E-01   0.29912E+20
 -132 52	    0.00000000   0.42388E-01  0.26988E+00 -0.50255E+00  0.20825E+00   0.29912E+20
 -132 56	    0.00000000   0.90199E+00  0.19153E+00 -0.71155E+00  0.36974E+00   0.29912E+20
 -132 60	    0.00000000   0.12046E+01  0.64245E-03 -0.88963E+00  0.47437E+00   0.29912E+20
 -132 64	    0.00000000   0.69318E+00 -0.22788E+00 -0.98799E+00  0.49004E+00   0.29912E+20
 -132 68	    0.00000000  -0.43070E+00 -0.39841E+00 -0.97895E+00  0.42190E+00   0.29912E+20
 -132 72	    0.00000000  -0.16457E+01 -0.45488E+00 -0.87593E+00  0.30741E+00   0.29912E+20
 -132 76	    0.00000000  -0.25157E+01 -0.40560E+00 -0.72590E+00  0.19150E+00   0.29912E+20
 -132 80	    0.00000000  -0.29186E+01 -0.29118E+00 -0.58195E+00  0.10540E+00   0.29912E+20
 -128 20	    0.00000000  -0.19458E+00 -0.19322E+00  0.24325E-01 -0.15575E+00   0.29912E+20
 -128 24	    0.00000000  -0.33434E+00 -0.20846E+00  0.25841E-01 -0.17196E+00   0.29912E+20
 -128 28	    0.00000000  -0.56324E+00 -0.20996E+00  0.24824E-01 -0.18883E+00   0.29912E+20
 -128 32	    0.00000000  -0.89929E+00 -0.18469E+00  0.16786E-01 -0.20100E+00   0.29912E+20
 -128 36	    0.00000000  -0.12899E+01 -0.11465E+00 -0.71275E-02 -0.19627E+00   0.29912E+20
 -128 40	    0.00000000  -0.15510E+01  0.11873E-01 -0.60892E-01 -0.15460E+00   0.29912E+20
 -128 44	    0.00000000  -0.13967E+01  0.17855E+00 -0.16072E+00 -0.54497E-01   0.29912E+20
 -128 48	    0.00000000  -0.63298E+00  0.32688E+00 -0.31731E+00  0.11146E+00   0.29912E+20
 -128 52	    0.00000000   0.60146E+00  0.37535E+00 -0.52574E+00  0.32079E+00   0.29912E+20
 -128 56	    0.00000000   0.17961E+01  0.26871E+00 -0.75730E+00  0.52021E+00   0.29912E+20
 -128 60	    0.00000000   0.23182E+01  0.22275E-01 -0.95883E+00  0.64658E+00   0.29912E+20
 -128 64	    0.00000000   0.18068E+01 -0.27150E+00 -0.10696E+01  0.65931E+00   0.29912E+20
 -128 68	    0.00000000   0.46163E+00 -0.48991E+00 -0.10559E+01  0.56474E+00   0.29912E+20
 -128 72	    0.00000000  -0.10733E+01 -0.56026E+00 -0.93621E+00  0.41142E+00   0.29912E+20
 -128 76	    0.00000000  -0.22178E+01 -0.49589E+00 -0.76678E+00  0.25781E+00   0.29912E+20
 -128 80	    0.00000000  -0.27808E+01 -0.35507E+00 -0.60793E+00  0.14323E+00   0.29912E+20
 -124 20	    0.00000000  -0.22626E+00 -0.19447E+00  0.24443E-01 -0.16287E+00   0.29912E+20
 -124 24	    0.00000000  -0.38829E+00 -0.20830E+00  0.25834E-01 -0.18035E+00   0.29912E+20
 -124 28	    0.00000000  -0.65253E+00 -0.20606E+00  0.24751E-01 -0.19805E+00   0.29912E+20
 -124 32	    0.00000000  -0.10370E+01 -0.17237E+00  0.17049E-01 -0.20942E+00   0.29912E+20
 -124 36	    0.00000000  -0.14750E+01 -0.86334E-01 -0.55546E-02 -0.19987E+00   0.29912E+20
 -124 40	    0.00000000  -0.17459E+01  0.65147E-01 -0.56779E-01 -0.14571E+00   0.29912E+20
 -124 44	    0.00000000  -0.15099E+01  0.26236E+00 -0.15431E+00 -0.21671E-01   0.29912E+20
 -124 48	    0.00000000  -0.52677E+00  0.43668E+00 -0.31319E+00  0.18103E+00   0.29912E+20
 -124 52	    0.00000000   0.10674E+01  0.49139E+00 -0.53345E+00  0.43576E+00   0.29912E+20
 -124 56	    0.00000000   0.26839E+01  0.35746E+00 -0.78550E+00  0.67838E+00   0.29912E+20
 -124 60	    0.00000000   0.35250E+01  0.49497E-01 -0.10065E+01  0.83083E+00   0.29912E+20
 -124 64	    0.00000000   0.30668E+01 -0.31836E+00 -0.11245E+01  0.84153E+00   0.29912E+20
 -124 68	    0.00000000   0.14937E+01 -0.58991E+00 -0.11040E+01  0.71812E+00   0.29912E+20
 -124 72	    0.00000000  -0.39881E+00 -0.67409E+00 -0.97058E+00  0.52232E+00   0.29912E+20
 -124 76	    0.00000000  -0.18573E+01 -0.59187E+00 -0.78888E+00  0.32796E+00   0.29912E+20
 -124 80	    0.00000000  -0.26080E+01 -0.42207E+00 -0.62310E+00  0.18302E+00   0.29912E+20
 -120 20	    0.00000000  -0.25996E+00 -0.19541E+00  0.24263E-01 -0.16993E+00   0.29912E+20
 -120 24	    0.00000000  -0.44542E+00 -0.20789E+00  0.25441E-01 -0.18864E+00   0.29912E+20
 -120 28	    0.00000000  -0.74857E+00 -0.20218E+00  0.24195E-01 -0.20720E+00   0.29912E+20
 -120 32	    0.00000000  -0.11914E+01 -0.16076E+00  0.16734E-01 -0.21808E+00   0.29912E+20
 -120 36	    0.00000000  -0.17001E+01 -0.59804E-01 -0.46822E-02 -0.20450E+00   0.29912E+20
 -120 40	    0.00000000  -0.20220E+01  0.11605E+00 -0.53630E-01 -0.13909E+00   0.29912E+20
 -120 44	    0.00000000  -0.17533E+01  0.34547E+00 -0.14935E+00  0.79182E-02   0.29912E+20
 -120 48	    0.00000000  -0.57317E+00  0.55045E+00 -0.31064E+00  0.24802E+00   0.29912E+20
 -120 52	    0.00000000   0.14211E+01  0.61610E+00 -0.54033E+00  0.55137E+00   0.29912E+20
 -120 56	    0.00000000   0.35543E+01  0.45442E+00 -0.80537E+00  0.84171E+00   0.29912E+20
 -120 60	    0.00000000   0.48054E+01  0.78635E-01 -0.10337E+01  0.10232E+01   0.29912E+20
 -120 64	    0.00000000   0.44377E+01 -0.36982E+00 -0.11477E+01  0.10317E+01   0.29912E+20
 -120 68	    0.00000000   0.26251E+01 -0.69631E+00 -0.11163E+01  0.87725E+00   0.29912E+20
 -120 72	    0.00000000   0.34712E+00 -0.79229E+00 -0.97368E+00  0.63665E+00   0.29912E+20
 -120 76	    0.00000000  -0.14497E+01 -0.68958E+00 -0.78919E+00  0.40008E+00   0.29912E+20
 -120 80	    0.00000000  -0.24048E+01 -0.48980E+00 -0.62629E+00  0.22404E+00   0.29912E+20
 -116 20	    0.00000000  -0.29589E+00 -0.19660E+00  0.23683E-01 -0.17677E+00   0.29912E+20
 -116 24	    0.00000000  -0.50654E+00 -0.20750E+00  0.24390E-01 -0.19662E+00   0.29912E+20
 -116 28	    0.00000000  -0.85292E+00 -0.19815E+00  0.22380E-01 -0.21601E+00   0.29912E+20
 -116 32	    0.00000000  -0.13642E+01 -0.14907E+00  0.13806E-01 -0.22649E+00   0.29912E+20
 -116 36	    0.00000000  -0.19635E+01 -0.33426E-01 -0.91079E-02 -0.20918E+00   0.29912E+20
 -116 40	    0.00000000  -0.23668E+01  0.16699E+00 -0.60173E-01 -0.13290E+00   0.29912E+20
 -116 44	    0.00000000  -0.20932E+01  0.43019E+00 -0.15936E+00  0.37102E-01   0.29912E+20
 -116 48	    0.00000000  -0.71400E+00  0.66845E+00 -0.32601E+00  0.31580E+00   0.29912E+20
 -116 52	    0.00000000   0.17292E+01  0.74572E+00 -0.56066E+00  0.67007E+00   0.29912E+20
 -116 56	    0.00000000   0.44490E+01  0.55252E+00 -0.82400E+00  0.10099E+01   0.29912E+20
 -116 60	    0.00000000   0.61513E+01  0.10338E+00 -0.10392E+01  0.12200E+01   0.29912E+20
 -116 64	    0.00000000   0.58716E+01 -0.42750E+00 -0.11332E+01  0.12240E+01   0.29912E+20
 -116 68	    0.00000000   0.38000E+01 -0.80608E+00 -0.10866E+01  0.10363E+01   0.29912E+20
 -116 72	    0.00000000   0.11243E+01 -0.91021E+00 -0.94155E+00  0.75030E+00   0.29912E+20
 -116 76	    0.00000000  -0.10152E+01 -0.78522E+00 -0.76584E+00  0.47198E+00   0.29912E+20
 -116 80	    0.00000000  -0.21771E+01 -0.55513E+00 -0.61692E+00  0.26549E+00   0.29912E+20
 -112 20	    0.00000000  -0.33449E+00 -0.19708E+00  0.22616E-01 -0.18325E+00   0.29912E+20
 -112 24	    0.00000000  -0.57252E+00 -0.20611E+00  0.22444E-01 -0.20405E+00   0.29912E+20
 -112 28	    0.00000000  -0.96560E+00 -0.19262E+00  0.18637E-01 -0.22394E+00   0.29912E+20
 -112 32	    0.00000000  -0.15497E+01 -0.13509E+00  0.65874E-02 -0.23341E+00   0.29912E+20
 -112 36	    0.00000000  -0.22429E+01 -0.37607E-02 -0.22454E-01 -0.21132E+00   0.29912E+20
 -112 40	    0.00000000  -0.27243E+01  0.22219E+00 -0.82911E-01 -0.12253E+00   0.29912E+20
 -112 44	    0.00000000  -0.24265E+01  0.51927E+00 -0.19363E+00  0.72689E-01   0.29912E+20
 -112 48	    0.00000000  -0.80822E+00  0.78827E+00 -0.36903E+00  0.39203E+00   0.29912E+20
 -112 52	    0.00000000   0.21257E+01  0.87071E+00 -0.60056E+00  0.79749E+00   0.29912E+20
 -112 56	    0.00000000   0.54380E+01  0.63828E+00 -0.84109E+00  0.11838E+01   0.29912E+20
 -112 60	    0.00000000   0.75482E+01  0.11340E+00 -0.10175E+01  0.14169E+01   0.29912E+20
 -112 64	    0.00000000   0.73010E+01 -0.49386E+00 -0.10745E+01  0.14114E+01   0.29912E+20
 -112 68	    0.00000000   0.49476E+01 -0.91513E+00 -0.10108E+01  0.11888E+01   0.29912E+20
 -112 72	    0.00000000   0.18853E+01 -0.10216E+01 -0.87228E+00  0.85877E+00   0.29912E+20
 -112 76	    0.00000000  -0.57637E+00 -0.87375E+00 -0.71838E+00  0.54140E+00   0.29912E+20
 -112 80	    0.00000000  -0.19313E+01 -0.61693E+00 -0.59505E+00  0.30651E+00   0.29912E+20
 -108 20	    0.00000000  -0.37605E+00 -0.19691E+00  0.21027E-01 -0.18918E+00   0.29912E+20
 -108 24	    0.00000000  -0.64356E+00 -0.20333E+00  0.19536E-01 -0.21059E+00   0.29912E+20
 -108 28	    0.00000000  -0.10843E+01 -0.18431E+00  0.12820E-01 -0.23023E+00   0.29912E+20
 -108 32	    0.00000000  -0.17357E+01 -0.11599E+00 -0.52382E-02 -0.23716E+00   0.29912E+20
 -108 36	    0.00000000  -0.25007E+01  0.34018E-01 -0.45275E-01 -0.20745E+00   0.29912E+20
 -108 40	    0.00000000  -0.30099E+01  0.28755E+00 -0.12247E+00 -0.10187E+00   0.29912E+20
 -108 44	    0.00000000  -0.26096E+01  0.61641E+00 -0.25204E+00  0.12328E+00   0.29912E+20
 -108 48	    0.00000000  -0.67672E+00  0.90688E+00 -0.43722E+00  0.48578E+00   0.29912E+20
 -108 52	    0.00000000   0.27610E+01  0.97974E+00 -0.65371E+00  0.93950E+00   0.29912E+20
 -108 56	    0.00000000   0.65786E+01  0.69730E+00 -0.84724E+00  0.13632E+01   0.29912E+20
 -108 60	    0.00000000   0.89540E+01  0.99570E-01 -0.95966E+00  0.16080E+01   0.29912E+20
 -108 64	    0.00000000   0.86368E+01 -0.56916E+00 -0.96628E+00  0.15856E+01   0.29912E+20
 -108 68	    0.00000000   0.59877E+01 -0.10181E+01 -0.88739E+00  0.13274E+01   0.29912E+20
 -108 72	    0.00000000   0.25799E+01 -0.11202E+01 -0.76659E+00  0.95747E+00   0.29912E+20
 -108 76	    0.00000000  -0.15638E+00 -0.95043E+00 -0.64797E+00  0.60605E+00   0.29912E+20
 -108 80	    0.00000000  -0.16739E+01 -0.67208E+00 -0.56145E+00  0.34631E+00   0.29912E+20
 -104 20	    0.00000000  -0.42022E+00 -0.19587E+00  0.18966E-01 -0.19437E+00   0.29912E+20
 -104 24	    0.00000000  -0.71854E+00 -0.19867E+00  0.15859E-01 -0.21589E+00   0.29912E+20
 -104 28	    0.00000000  -0.12043E+01 -0.17199E+00  0.55039E-02 -0.23416E+00   0.29912E+20
 -104 32	    0.00000000  -0.19063E+01 -0.89336E-01 -0.20175E-01 -0.23613E+00   0.29912E+20
 -104 36	    0.00000000  -0.26948E+01  0.83792E-01 -0.74204E-01 -0.19439E+00   0.29912E+20
 -104 40	    0.00000000  -0.31366E+01  0.36735E+00 -0.17230E+00 -0.65590E-01   0.29912E+20
 -104 44	    0.00000000  -0.25049E+01  0.72303E+00 -0.32357E+00  0.19595E+00   0.29912E+20
 -104 48	    0.00000000  -0.16298E+00  0.10188E+01 -0.51491E+00  0.60362E+00   0.29912E+20
 -104 52	    0.00000000   0.37437E+01  0.10604E+01 -0.70205E+00  0.10988E+01   0.29912E+20
 -104 56	    0.00000000   0.78803E+01  0.71648E+00 -0.82667E+00  0.15449E+01   0.29912E+20
 -104 60	    0.00000000   0.10291E+02  0.55627E-01 -0.85637E+00  0.17856E+01   0.29912E+20
 -104 64	    0.00000000   0.97755E+01 -0.65115E+00 -0.80656E+00  0.17378E+01   0.29912E+20
 -104 68	    0.00000000   0.68389E+01 -0.11083E+01 -0.71896E+00  0.14453E+01   0.29912E+20
 -104 72	    0.00000000   0.31602E+01 -0.11996E+01 -0.62812E+00  0.10421E+01   0.29912E+20
 -104 76	    0.00000000   0.22335E+00 -0.10108E+01 -0.55744E+00  0.66387E+00   0.29912E+20
 -104 80	    0.00000000  -0.14105E+01 -0.71839E+00 -0.51757E+00  0.38412E+00   0.29912E+20
 -100 20	    0.00000000  -0.46547E+00 -0.19371E+00  0.16576E-01 -0.19863E+00   0.29912E+20
 -100 24	    0.00000000  -0.79418E+00 -0.19179E+00  0.11859E-01 -0.21968E+00   0.29912E+20
 -100 28	    0.00000000  -0.13181E+01 -0.15521E+00 -0.20557E-02 -0.23522E+00   0.29912E+20
 -100 32	    0.00000000  -0.20444E+01 -0.54365E-01 -0.35090E-01 -0.22939E+00   0.29912E+20
 -100 36	    0.00000000  -0.27897E+01  0.14656E+00 -0.10241E+00 -0.17053E+00   0.29912E+20
 -100 40	    0.00000000  -0.30411E+01  0.46195E+00 -0.21959E+00 -0.11379E-01   0.29912E+20
 -100 44	    0.00000000  -0.20249E+01  0.83673E+00 -0.38810E+00  0.29300E+00   0.29912E+20
 -100 48	    0.00000000   0.81370E+00  0.11171E+01 -0.57651E+00  0.74609E+00   0.29912E+20
 -100 52	    0.00000000   0.51001E+01  0.11026E+01 -0.72053E+00  0.12721E+01   0.29912E+20
 -100 56	    0.00000000   0.92915E+01  0.68790E+00 -0.76234E+00  0.17215E+01   0.29912E+20
 -100 60	    0.00000000   0.11458E+02 -0.19608E-01 -0.70216E+00  0.19401E+01   0.29912E+20
 -100 64	    0.00000000   0.10616E+02 -0.73484E+00 -0.59885E+00  0.18593E+01   0.29912E+20
 -100 68	    0.00000000   0.74315E+01 -0.11789E+01 -0.51260E+00  0.15361E+01   0.29912E+20
 -100 72	    0.00000000   0.35867E+01 -0.12538E+01 -0.46332E+00  0.11089E+01   0.29912E+20
 -100 76	    0.00000000   0.54554E+00 -0.10508E+01 -0.45117E+00  0.71314E+00   0.29912E+20
 -100 80	    0.00000000  -0.11458E+01 -0.75455E+00 -0.46544E+00  0.41932E+00   0.29912E+20
 -96 20	    0.00000000  -0.50888E+00 -0.19108E+00  0.14086E-01 -0.20182E+00   0.29912E+20
 -96 24	    0.00000000  -0.86489E+00 -0.18339E+00  0.81929E-02 -0.22178E+00   0.29912E+20
 -96 28	    0.00000000  -0.14159E+01 -0.13493E+00 -0.81102E-02 -0.23333E+00   0.29912E+20
 -96 32	    0.00000000  -0.21351E+01 -0.12750E-01 -0.45748E-01 -0.21718E+00   0.29912E+20
 -96 36	    0.00000000  -0.27664E+01  0.21943E+00 -0.12079E+00 -0.13691E+00   0.29912E+20
 -96 40	    0.00000000  -0.27065E+01  0.56686E+00 -0.24759E+00  0.58222E-01   0.29912E+20
 -96 44	    0.00000000  -0.11680E+01  0.95160E+00 -0.42026E+00  0.40952E+00   0.29912E+20
 -96 48	    0.00000000   0.22222E+01  0.11956E+01 -0.59179E+00  0.90539E+00   0.29912E+20
 -96 52	    0.00000000   0.67572E+01  0.11029E+01 -0.68294E+00  0.14492E+01   0.29912E+20
 -96 56	    0.00000000   0.10711E+02  0.61273E+00 -0.64055E+00  0.18818E+01   0.29912E+20
 -96 60	    0.00000000   0.12354E+02 -0.12055E+00 -0.49743E+00  0.20614E+01   0.29912E+20
 -96 64	    0.00000000   0.11083E+02 -0.81287E+00 -0.35228E+00  0.19425E+01   0.29912E+20
 -96 68	    0.00000000   0.77183E+01 -0.12237E+01 -0.27927E+00  0.15950E+01   0.29912E+20
 -96 72	    0.00000000   0.38326E+01 -0.12790E+01 -0.28097E+00  0.11553E+01   0.29912E+20
 -96 76	    0.00000000   0.79915E+00 -0.10682E+01 -0.33478E+00  0.75263E+00   0.29912E+20
 -96 80	    0.00000000  -0.88250E+00 -0.77825E+00 -0.40748E+00  0.45141E+00   0.29912E+20
 -92 20	    0.00000000  -0.54634E+00 -0.18778E+00  0.11770E-01 -0.20385E+00   0.29912E+20
 -92 24	    0.00000000  -0.92346E+00 -0.17405E+00  0.56117E-02 -0.22225E+00   0.29912E+20
 -92 28	    0.00000000  -0.14875E+01 -0.11325E+00 -0.10744E-01 -0.22901E+00   0.29912E+20
 -92 32	    0.00000000  -0.21701E+01  0.30789E-01 -0.47648E-01 -0.20124E+00   0.29912E+20
 -92 36	    0.00000000  -0.26332E+01  0.29411E+00 -0.11988E+00 -0.97749E-01   0.29912E+20
 -92 40	    0.00000000  -0.21815E+01  0.67072E+00 -0.23925E+00  0.13495E+00   0.29912E+20
 -92 44	    0.00000000  -0.42843E-01  0.10565E+01 -0.39498E+00  0.53248E+00   0.29912E+20
 -92 48	    0.00000000   0.39011E+01  0.12487E+01 -0.53263E+00  0.10649E+01   0.29912E+20
 -92 52	    0.00000000   0.85429E+01  0.10637E+01 -0.56750E+00  0.16130E+01   0.29912E+20
 -92 56	    0.00000000   0.12004E+02  0.49995E+00 -0.45328E+00  0.20117E+01   0.29912E+20
 -92 60	    0.00000000   0.12900E+02 -0.23693E+00 -0.24774E+00  0.21398E+01   0.29912E+20
 -92 64	    0.00000000   0.11137E+02 -0.87707E+00 -0.79736E-01  0.19815E+01   0.29912E+20
 -92 68	    0.00000000   0.76807E+01 -0.12374E+01 -0.32299E-01  0.16189E+01   0.29912E+20
 -92 72	    0.00000000   0.38870E+01 -0.12717E+01 -0.91363E-01  0.11798E+01   0.29912E+20
 -92 76	    0.00000000   0.98087E+00 -0.10609E+01 -0.21475E+00  0.78173E+00   0.29912E+20
 -92 80	    0.00000000  -0.62142E+00 -0.79025E+00 -0.34632E+00  0.48009E+00   0.29912E+20
 -88 20	    0.00000000  -0.57346E+00 -0.18461E+00  0.98681E-02 -0.20472E+00   0.29912E+20
 -88 24	    0.00000000  -0.96303E+00 -0.16545E+00  0.47257E-02 -0.22139E+00   0.29912E+20
 -88 28	    0.00000000  -0.15260E+01 -0.93797E-01 -0.84804E-02 -0.22340E+00   0.29912E+20
 -88 32	    0.00000000  -0.21540E+01  0.69069E-01 -0.37499E-01 -0.18477E+00   0.29912E+20
 -88 36	    0.00000000  -0.24334E+01  0.35854E+00 -0.93081E-01 -0.60272E-01   0.29912E+20
 -88 40	    0.00000000  -0.15877E+01  0.75796E+00 -0.18305E+00  0.20550E+00   0.29912E+20
 -88 44	    0.00000000   0.11284E+01  0.11384E+01 -0.29596E+00  0.64195E+00   0.29912E+20
 -88 48	    0.00000000   0.55645E+01  0.12739E+01 -0.38168E+00  0.12009E+01   0.29912E+20
 -88 52	    0.00000000   0.10198E+02  0.99621E+00 -0.36232E+00  0.17415E+01   0.29912E+20
 -88 56	    0.00000000   0.13012E+02  0.36726E+00 -0.19899E+00  0.20954E+01   0.29912E+20
 -88 60	    0.00000000   0.13037E+02 -0.35336E+00  0.38293E-01  0.21667E+01   0.29912E+20
 -88 64	    0.00000000   0.10776E+02 -0.91859E+00  0.20468E+00  0.19731E+01   0.29912E+20
 -88 68	    0.00000000   0.73281E+01 -0.12169E+01  0.21431E+00  0.16070E+01   0.29912E+20
 -88 72	    0.00000000   0.37559E+01 -0.12310E+01  0.94591E-01  0.11823E+01   0.29912E+20
 -88 76	    0.00000000   0.10960E+01 -0.10290E+01 -0.97830E-01  0.80044E+00   0.29912E+20
 -88 80	    0.00000000  -0.36155E+00 -0.79050E+00 -0.28453E+00  0.50520E+00   0.29912E+20
 -84 20	    0.00000000  -0.58659E+00 -0.18229E+00  0.84543E-02 -0.20454E+00   0.29912E+20
 -84 24	    0.00000000  -0.97900E+00 -0.15943E+00  0.56566E-02 -0.21969E+00   0.29912E+20
 -84 28	    0.00000000  -0.15309E+01 -0.80721E-01 -0.11566E-02 -0.21808E+00   0.29912E+20
 -84 32	    0.00000000  -0.21056E+01  0.93874E-01 -0.15209E-01 -0.17177E+00   0.29912E+20
 -84 36	    0.00000000  -0.22386E+01  0.39913E+00 -0.40669E-01 -0.33101E-01   0.29912E+20
 -84 40	    0.00000000  -0.10951E+01  0.81127E+00 -0.80091E-01  0.25437E+00   0.29912E+20
 -84 44	    0.00000000   0.20556E+01  0.11834E+01 -0.12525E+00  0.71521E+00   0.29912E+20
 -84 48	    0.00000000   0.68527E+01  0.12702E+01 -0.14183E+00  0.12869E+01   0.29912E+20
 -84 52	    0.00000000   0.11408E+02  0.91456E+00 -0.71482E-01  0.18110E+01   0.29912E+20
 -84 56	    0.00000000   0.13551E+02  0.23623E+00  0.11562E+00  0.21172E+01   0.29912E+20
 -84 60	    0.00000000   0.12714E+02 -0.45197E+00  0.34980E+00  0.21352E+01   0.29912E+20
 -84 64	    0.00000000   0.10020E+02 -0.92864E+00  0.48702E+00  0.19163E+01   0.29912E+20
 -84 68	    0.00000000   0.66914E+01 -0.11605E+01  0.44699E+00  0.15605E+01   0.29912E+20
 -84 72	    0.00000000   0.34610E+01 -0.11578E+01  0.26606E+00  0.11640E+01   0.29912E+20
 -84 76	    0.00000000   0.11585E+01 -0.97424E+00  0.94962E-02  0.80944E+00   0.29912E+20
 -84 80	    0.00000000  -0.10048E+00 -0.78009E+00 -0.22431E+00  0.52674E+00   0.29912E+20
 -80 20	    0.00000000  -0.58364E+00 -0.18134E+00  0.73500E-02 -0.20345E+00   0.29912E+20
 -80 24	    0.00000000  -0.96980E+00 -0.15747E+00  0.77877E-02 -0.21764E+00   0.29912E+20
 -80 28	    0.00000000  -0.15060E+01 -0.77420E-01  0.94678E-02 -0.21447E+00   0.29912E+20
 -80 32	    0.00000000  -0.20481E+01  0.98576E-01  0.14806E-01 -0.16571E+00   0.29912E+20
 -80 36	    0.00000000  -0.21188E+01  0.40496E+00  0.27732E-01 -0.23439E-01   0.29912E+20
 -80 40	    0.00000000  -0.85843E+00  0.81651E+00  0.52143E-01  0.26874E+00   0.29912E+20
 -80 44	    0.00000000   0.24768E+01  0.11794E+01  0.91692E-01  0.73335E+00   0.29912E+20
 -80 48	    0.00000000   0.74303E+01  0.12356E+01  0.15824E+00  0.13005E+01   0.29912E+20
 -80 52	    0.00000000   0.11856E+02  0.83072E+00  0.28001E+00  0.18011E+01   0.29912E+20
 -80 56	    0.00000000   0.13422E+02  0.12719E+00  0.47159E+00  0.20640E+01   0.29912E+20
 -80 60	    0.00000000   0.11873E+02 -0.51502E+00  0.67093E+00  0.20411E+01   0.29912E+20
 -80 64	    0.00000000   0.88979E+01 -0.89922E+00  0.75239E+00  0.18127E+01   0.29912E+20
 -80 68	    0.00000000   0.58170E+01 -0.10681E+01  0.65257E+00  0.14827E+01   0.29912E+20
 -80 72	    0.00000000   0.30396E+01 -0.10547E+01  0.41289E+00  0.11276E+01   0.29912E+20
 -80 76	    0.00000000   0.11898E+01 -0.89953E+00  0.10171E+00  0.80995E+00   0.29912E+20
 -80 80	    0.00000000   0.16480E+00 -0.76092E+00 -0.16731E+00  0.54484E+00   0.29912E+20
